code_muni,name_muni,code_state,abbrev_state,geometry
3300100.0,Angra Dos Reis,33,RJ,"MULTIPOLYGON (((-44.15109253499998 -23.21602187668417, -44.14912945199995 -23.21694924568421, -44.15097664999995 -23.22065885568428, -44.14845585099993 -23.22213668368432, -44.14876696199996 -23.22311031168433, -44.15574237599997 -23.22440450068435, -44.16026329899994 -23.22764996168442, -44.16083511599992 -23.22607859768443, -44.16231212799993 -23.22639356568443, -44.16215006499993 -23.22276848568434, -44.15864790999994 -23.22127781668427, -44.15656506499993 -23.22278591168434, -44.15335815799995 -23.22044220468426, -44.15510065399997 -23.21573278668416, -44.15294692299994 -23.21428670968415, -44.15109253499998 -23.21602187668417)), ((-44.39885921999996 -23.09889323768152, -44.39851868099998 -23.09922669068154, -44.39998083099994 -23.09980168668156, -44.39912032599994 -23.09861186268147, -44.39885921999996 -23.09889323768152)), ((-44.21529330799995 -23.08638164168121, -44.21577263799997 -23.08620562968122, -44.21573190399995 -23.08576478768122, -44.21505411899994 -23.08585880368121, -44.21529330799995 -23.08638164168121)), ((-44.32924746099996 -23.08640335768121, -44.33051111799993 -23.08742343068125, -44.33258611199993 -23.0864096956812, -44.33149006699995 -23.08365813468116, -44.32912948599994 -23.08335263068118, -44.32924746099996 -23.08640335768121)), ((-44.39223063999999 -23.06846365968083, -44.39391468499996 -23.07078701068086, -44.39329452199996 -23.07178321068093, -44.39534325499994 -23.07236034868092, -44.39558402999995 -23.06889176268083, -44.39223063999999 -23.06846365968083)), ((-44.41015093999993 -23.0625383496807, -44.41017413899993 -23.06368695668072, -44.41191462799997 -23.0639061876807, -44.41040817699996 -23.06169461168065, -44.41015093999993 -23.0625383496807)), ((-44.41220494699996 -23.05891135868058, -44.41841608099998 -23.06101998068066, -44.41995471299997 -23.05909909568062, -44.41472395999994 -23.05689224368054, -44.41220494699996 -23.05891135868058)), ((-44.41235571099998 -23.05597035068051, -44.41267836799994 -23.05577932568053, -44.41223271199993 -23.0555582336805, -44.41207536999996 -23.05573355568054, -44.41235571099998 -23.05597035068051)), ((-44.51649475199997 -23.03589151068006, -44.51545203399996 -23.03606368068004, -44.52068969099998 -23.03851771868016, -44.51936436099993 -23.03627132368005, -44.51649475199997 -23.03589151068006)), ((-44.35701159399996 -23.21235260368408, -44.35762086899995 -23.21434683768411, -44.36085854799995 -23.21454063668417, -44.35927874799995 -23.2126033966841, -44.35701159399996 -23.21235260368408)), ((-44.18046144899995 -23.18421061768346, -44.18106635299995 -23.18341410268346, -44.17912644799997 -23.18318548868341, -44.17973178999993 -23.18398929068343, -44.18046144899995 -23.18421061768346)), ((-44.18283606599993 -23.18380373568347, -44.18385507599993 -23.18397955268347, -44.18398853499996 -23.18362686968347, -44.18214067399997 -23.18307214568346, -44.18283606599993 -23.18380373568347)), ((-44.31161784499994 -23.0866016066812, -44.31290755699995 -23.08568276868122, -44.31029485499993 -23.08503346068122, -44.31025784099995 -23.08553667468122, -44.31161784499994 -23.0866016066812)), ((-44.24281361399994 -23.08382751568116, -44.24118212099994 -23.08365236368114, -44.24109962199997 -23.08381910768117, -44.24072038699994 -23.08412972168118, -44.24069558399997 -23.08427374168116, -44.23980548199995 -23.08440214068117, -44.24409894799992 -23.08427536668115, -44.24281361399994 -23.08382751568116)), ((-44.23982946499995 -23.08564541168123, -44.24001845599997 -23.0865779456812, -44.24136158999994 -23.08677567368126, -44.24037351699996 -23.0854258226812, -44.23982946499995 -23.08564541168123)), ((-44.22950098599995 -23.08375750268117, -44.23022246199997 -23.08349077068116, -44.22824636299998 -23.08285195668114, -44.22858324399994 -23.08336057668118, -44.22950098599995 -23.08375750268117)), ((-44.24080619099993 -23.08381739068119, -44.24106689299997 -23.08382913368115, -44.24065425399992 -23.08361735968116, -44.24066494299995 -23.08373279568115, -44.24080619099993 -23.08381739068119)), ((-44.24033369099993 -23.0851787496812, -44.24044703799996 -23.08518453868119, -44.24050393199996 -23.08514809968123, -44.24020386999996 -23.08507847468118, -44.24033369099993 -23.0851787496812)), ((-44.42060436399998 -23.05360821268051, -44.42123058599998 -23.05375002968049, -44.42127364099996 -23.0537004266805, -44.42073386499993 -23.05317859168046, -44.42060436399998 -23.05360821268051)), ((-44.16688236199997 -23.13542175068236, -44.16602193499995 -23.13614398568234, -44.16676076999994 -23.13686777368238, -44.16738119199994 -23.13621883768235, -44.16688236199997 -23.13542175068236)), ((-44.16701882899997 -23.11538807568187, -44.16567105899997 -23.11441030768185, -44.16456580499993 -23.11444925168186, -44.16564413499997 -23.11512262168187, -44.16701882899997 -23.11538807568187)), ((-44.15023093099996 -23.12546465568213, -44.14982149499996 -23.12591543268212, -44.15131111899996 -23.12629302968214, -44.15083040099994 -23.12562405368214, -44.15023093099996 -23.12546465568213)), ((-44.16738611399995 -23.1377875316824, -44.16775271099993 -23.13770822168241, -44.16750644499994 -23.1374506226824, -44.16736640899995 -23.13753627568239, -44.16738611399995 -23.1377875316824)), ((-44.24008561899995 -23.07722143068101, -44.24038139099996 -23.07804604168101, -44.24130004699997 -23.07761723068101, -44.24112244399998 -23.07735822068102, -44.24008561899995 -23.07722143068101)), ((-44.22792475999994 -23.07797460568104, -44.22831397399994 -23.07748291568102, -44.22749602799995 -23.077020344681, -44.22705006499995 -23.07757162368105, -44.22792475999994 -23.07797460568104)), ((-44.48193268599993 -23.04042224668014, -44.48411888899994 -23.04389239268027, -44.48887657599993 -23.04553631068028, -44.48819689499992 -23.04669796168031, -44.49102739199997 -23.04909702768037, -44.49149052599994 -23.05238951868041, -44.49271793099996 -23.05180325168045, -44.49906301199997 -23.05482038168051, -44.50315058999996 -23.05503571968048, -44.50355520499993 -23.05298126368043, -44.49981154299996 -23.05012643768041, -44.50189235099997 -23.04832394568034, -44.49747846899992 -23.04813622468036, -44.49529524699994 -23.04620312468029, -44.49309283199995 -23.04701211668033, -44.48451591999997 -23.04048260868015, -44.48193268599993 -23.04042224668014)), ((-44.30832057599996 -23.05114599868045, -44.30897478899993 -23.05099988868045, -44.30902326499994 -23.05044408968039, -44.30857686999995 -23.05036444868044, -44.30832057599996 -23.05114599868045)), ((-44.49236286399998 -23.04402902768027, -44.49251852499998 -23.04419843068024, -44.49334778099995 -23.04434373768027, -44.49261553999997 -23.04359414368025, -44.49236286399998 -23.04402902768027)), ((-44.39955915999997 -23.0466662876803, -44.39977368699993 -23.04645860268034, -44.39942665899998 -23.04606896668031, -44.39929262899994 -23.0463320116803, -44.39955915999997 -23.0466662876803)), ((-44.39935731499997 -23.04553445568027, -44.39966672699995 -23.04562654168027, -44.39969816099995 -23.04535392668028, -44.39944155299997 -23.04528302068029, -44.39935731499997 -23.04553445568027)), ((-44.25842640399998 -23.11135600868181, -44.25574296899998 -23.11200697068183, -44.25023567199996 -23.11028100268177, -44.24819548899995 -23.1035524656816, -44.25053637599996 -23.10008993868154, -44.25910241799993 -23.10021113168157, -44.25923585799995 -23.0987018706815, -44.25539398499995 -23.09878503268153, -44.23774487199994 -23.09278581768135, -44.23850421099996 -23.08638976668123, -44.23506365999997 -23.08281880268116, -44.24077786499998 -23.08101157668113, -44.23730449199996 -23.0798745636811, -44.23664036099995 -23.076385457681, -44.23033868199997 -23.07537378768095, -44.22874106599994 -23.07748501368101, -44.23188987899994 -23.07919926868108, -44.23273305899993 -23.08219559568114, -44.23510273199997 -23.08405204768118, -44.23493932199994 -23.08562686468119, -44.23318539499996 -23.08635935968123, -44.23528653799996 -23.08769257768122, -44.23356007699994 -23.09059957568132, -44.22686856299998 -23.0893225236813, -44.21630676499995 -23.08980217068127, -44.21357136599993 -23.09218398568137, -44.21108261099994 -23.09149856468133, -44.21119946399995 -23.09310600268139, -44.20919483999995 -23.09225985268134, -44.21077459599997 -23.09883565568151, -44.20220866499994 -23.09723479968149, -44.19617904199997 -23.09830077168151, -44.19438569299995 -23.09918875068149, -44.19611772799993 -23.10123549168157, -44.19488327499994 -23.10389904268165, -44.18993713399993 -23.1027167876816, -44.19087088399993 -23.10435111468163, -44.19311460399995 -23.10382354668162, -44.19950348299994 -23.10889212568172, -44.20196942199993 -23.10830259868173, -44.20007631899994 -23.10631949468165, -44.20054553699998 -23.10517586968163, -44.20691373799995 -23.10329742368162, -44.20880662299992 -23.10429460568163, -44.21234751399993 -23.10351227368164, -44.21803356299994 -23.1057464496817, -44.21774464499997 -23.10923334268178, -44.21281909899994 -23.11147713968177, -44.20890070999996 -23.1114835276818, -44.20839306399995 -23.10773169068173, -44.20628428099996 -23.1080924946817, -44.20170039599997 -23.11969241568202, -44.19730397999995 -23.12172467168207, -44.19360871599996 -23.11938766568201, -44.18944153599994 -23.12181426268199, -44.18615960899996 -23.121045810682, -44.18448393299996 -23.11872111868194, -44.17636058899995 -23.11710747968194, -44.17040273199995 -23.11793138068196, -44.16883063399995 -23.12049284268202, -44.17289619799993 -23.12737409768217, -44.16927960499998 -23.13248217068227, -44.17012944099996 -23.13724352768238, -44.16756595599997 -23.14014004568245, -44.16330589799998 -23.14215367368249, -44.15522993199993 -23.13855872268244, -44.15795587799993 -23.13519638268232, -44.15641380499994 -23.13356730668232, -44.15478681699994 -23.13344973668228, -44.15391168099995 -23.13559466668236, -44.15093551999995 -23.13415211968231, -44.15133146699996 -23.13175290668228, -44.14691785999997 -23.12871706568218, -44.14804262599995 -23.12491338668209, -44.14027355299999 -23.12160868368204, -44.13370800999996 -23.121602194682, -44.12676582899996 -23.11949534768196, -44.12425581899998 -23.12490171268209, -44.12924250399992 -23.12668329068214, -44.13574212399993 -23.13602367968235, -44.14047115599993 -23.13893045968241, -44.14016295199997 -23.14348544968254, -44.13822236899994 -23.14638027668258, -44.13443838599993 -23.14484949368258, -44.13274422499995 -23.14538896868257, -44.14099618899996 -23.15562581068279, -44.14065274399996 -23.15744332868282, -44.13769764699998 -23.15966979868291, -44.13513647099995 -23.15761564868284, -44.13242967999997 -23.15764087568286, -44.12819875299993 -23.15403670668277, -44.12642697899997 -23.15570899268283, -44.12289191299993 -23.15300156268273, -44.12020282399993 -23.15277580368273, -44.11690159699997 -23.14842719468265, -44.11446482099996 -23.14812574668262, -44.11425209299994 -23.15093054568268, -44.11715240599994 -23.15333579968272, -44.11702746499998 -23.15464158668279, -44.11410174199994 -23.15586807568279, -44.11432431199994 -23.15763404768282, -44.11248956099995 -23.15963697168288, -44.10741208599995 -23.16188813268293, -44.10748062099997 -23.16490636268302, -44.09693146199992 -23.16387403868301, -44.09619201099997 -23.165701894683, -44.09134308299997 -23.16587387768304, -44.09074764199993 -23.16753808668309, -44.09426988799998 -23.17088579168314, -44.09450292899992 -23.17475344968327, -44.10879591099995 -23.17853987568333, -44.11377047999996 -23.18426069068346, -44.11847540799993 -23.18609931668351, -44.12421034699997 -23.18453673368346, -44.13178186699997 -23.18750125868352, -44.12878510699993 -23.18300695368342, -44.12295404599995 -23.17944393968335, -44.12312252399993 -23.17728970268329, -44.12864703799993 -23.17068640868314, -44.13996065999998 -23.16702717168308, -44.15860244299994 -23.17148907368318, -44.16020663999996 -23.17405170868325, -44.16352147599997 -23.17518829868327, -44.16382068899997 -23.17437578368324, -44.16514213999994 -23.17543101868329, -44.16357140799993 -23.17749952868328, -44.16702155799992 -23.17866734068332, -44.16924288199993 -23.18190443368338, -44.16741205299996 -23.18311860268346, -44.17086534499997 -23.18476883368348, -44.17215396799997 -23.18157919368339, -44.17524636899996 -23.1817857146834, -44.17775578099997 -23.17966621368336, -44.18472200099995 -23.17978004568337, -44.18911468599998 -23.18357844768341, -44.18998631999994 -23.18885747068358, -44.18672861999995 -23.1907444826836, -44.18190100499992 -23.19108107268362, -44.18178222399995 -23.19409322768365, -44.18425560199995 -23.19673044168373, -44.19268040799994 -23.19867292368378, -44.19254388599995 -23.20161234368387, -44.19655202099994 -23.20377669068386, -44.19747032699996 -23.19670948868374, -44.20604415099995 -23.19485140868372, -44.20703729699994 -23.19247976168364, -44.21987014099994 -23.19489448468372, -44.22350668099994 -23.19706829068374, -44.22664651999997 -23.19573673168371, -44.22954973399992 -23.19695326768377, -44.23154531799997 -23.19987052668377, -44.24172845199995 -23.20122841868384, -44.24486899299994 -23.19998837068384, -44.24909046899995 -23.20249487468388, -44.24779425199994 -23.2036041216839, -44.25358626099995 -23.20543899868396, -44.25672915799998 -23.20430382568391, -44.25813717499994 -23.20213210168387, -44.25768656599995 -23.19960893068381, -44.25371858099993 -23.19967302768381, -44.25071245499998 -23.19671504368376, -44.25101478299995 -23.19301571768367, -44.25347970699993 -23.18928139568357, -44.25663499299997 -23.18891584568355, -44.26232666199996 -23.19247503668366, -44.26388243999997 -23.19168387868359, -44.27094061799993 -23.19716293568373, -44.26652531599996 -23.19189546668363, -44.26557344799993 -23.18742693968355, -44.26645156199993 -23.1856424796835, -44.27033548399993 -23.18382526568344, -44.26948474499993 -23.1816477826834, -44.27043973099995 -23.18049708868339, -44.28138690599996 -23.17750587868332, -44.28392811599996 -23.1774803166833, -44.28706168699995 -23.17945707468337, -44.28710244199993 -23.17712007768326, -44.28857126299993 -23.17656217068328, -44.30133247999998 -23.17785243168332, -44.31132761499997 -23.1804692996834, -44.31605179099995 -23.18397183068344, -44.31756237199993 -23.18930469468354, -44.31493255199995 -23.19070037368362, -44.32301176699997 -23.20153295968384, -44.32227512599997 -23.20282141268385, -44.32907220899994 -23.20706958168394, -44.33364702499995 -23.21490124868413, -44.33339387299998 -23.22361700968435, -44.33788545699998 -23.22326012268432, -44.34832188399997 -23.22695705868446, -44.34283516199996 -23.22050950968428, -44.33980148499995 -23.21918031068425, -44.34084035899996 -23.21748225668425, -44.34483694199997 -23.21853597668422, -44.34631370199997 -23.21807626368421, -44.34622715099993 -23.21665329368421, -44.35118106599998 -23.21689849168418, -44.34971812399993 -23.21579379168417, -44.35120268599996 -23.21419592768413, -44.34956063499993 -23.20565703168392, -44.34233489099994 -23.19650732268372, -44.34264714399995 -23.19464219468371, -44.33947124499997 -23.19028116268361, -44.33980431599996 -23.18741679268354, -44.34239809299999 -23.18619303968346, -44.34061434199998 -23.1824697226834, -44.34559985099997 -23.18064378068338, -44.34817174399995 -23.18593246868352, -44.35115372299997 -23.18519027768347, -44.35516866099992 -23.19113441468362, -44.35754699199998 -23.19160059268361, -44.35923869699996 -23.18391588168345, -44.36256741499993 -23.18276781168343, -44.36201184199995 -23.17884775368332, -44.36663705999995 -23.18023846568336, -44.36761617999997 -23.1818360496834, -44.37029388299993 -23.18134535368343, -44.37126016899998 -23.18376332068346, -44.37428887699998 -23.18237997268342, -44.37424405999997 -23.17893659568336, -44.37685995899994 -23.17951831168337, -44.37801777099997 -23.1775694526833, -44.37713186499997 -23.17573338468326, -44.37856379099998 -23.17504572368326, -44.37694534699994 -23.17148551468319, -44.36924481699998 -23.16685175368304, -44.36823036599998 -23.16487195468303, -44.36364644399998 -23.16614611568302, -44.35816839399995 -23.16425427368301, -44.35491226599999 -23.15960655568291, -44.35102628199996 -23.15954481468288, -44.35035695699997 -23.16112457868291, -44.34868252899997 -23.16122030768293, -44.34460360799994 -23.15620221268285, -44.33996673099995 -23.15346870468277, -44.33439904299996 -23.15632115268284, -44.32539339599998 -23.15435172768278, -44.32007251899995 -23.1436765526825, -44.32120889399994 -23.14157763368247, -44.32389590799994 -23.14167044568246, -44.32413051399993 -23.14017132668247, -44.32766798799996 -23.1379802496824, -44.32431531199994 -23.13751240068236, -44.32364433199996 -23.13971979268241, -44.32234650799995 -23.13983296068245, -44.32066610399993 -23.13881509968242, -44.32039150299994 -23.13672227668235, -44.31654941799996 -23.13526511268234, -44.31367160199993 -23.13605539868234, -44.31271484299997 -23.13806263468238, -44.31103099999994 -23.13760802968241, -44.31034526899998 -23.13669100268238, -44.31382453599997 -23.13321546368228, -44.31134538599997 -23.12767513668215, -44.30616171999997 -23.12118483868204, -44.29734580599995 -23.11756197368195, -44.29519983799997 -23.11398094368184, -44.29400718399994 -23.11539585968185, -44.29403346599997 -23.12248609468204, -44.29728260699993 -23.13139201968227, -44.29399034099998 -23.13335055668234, -44.29118841899998 -23.13143298668222, -44.29160567199994 -23.13543241068237, -44.29070394199993 -23.13714403368241, -44.28858010399994 -23.13752260268237, -44.28671173599997 -23.13608235168238, -44.28261574999993 -23.13637718468238, -44.28244785499993 -23.13355123868229, -44.28422422399996 -23.13267568468225, -44.28295876299995 -23.13045608768225, -44.28046682999996 -23.12993456868223, -44.27960434999994 -23.12565985068213, -44.27715964099995 -23.12628390868214, -44.27280165399996 -23.12333533868205, -44.27223815899998 -23.12199300068206, -44.27564986999993 -23.11732961068193, -44.26504709499994 -23.11484887368189, -44.26435757699994 -23.11569913668188, -44.26194336999998 -23.11415669168186, -44.25865778699994 -23.1157975906819, -44.25737274999994 -23.11433456268188, -44.25842640399998 -23.11135600868181)), ((-44.30953571199995 -23.09150311968136, -44.31013042199992 -23.09122057568134, -44.30946611699994 -23.09048281468128, -44.30905150699993 -23.09113990468131, -44.30953571199995 -23.09150311968136)), ((-44.30993873499994 -23.05810389568056, -44.30897736099996 -23.05878911068059, -44.30997042699993 -23.06087863368064, -44.31327947299997 -23.06022879268065, -44.31632508399996 -23.06292620568066, -44.31922584699998 -23.06173740468063, -44.31844085299997 -23.05979074168064, -44.31395722999996 -23.05731905968055, -44.30993873499994 -23.05810389568056)), ((-44.40255231899994 -23.05436771268048, -44.40139779999998 -23.05722186968053, -44.40387056699996 -23.05820004968057, -44.40445566099999 -23.0550986496805, -44.40255231899994 -23.05436771268048)), ((-44.31306955399997 -23.05434151268048, -44.31666515099994 -23.05596753768054, -44.31791280099998 -23.05401670468046, -44.31268713499997 -23.05309407468046, -44.31306955399997 -23.05434151268048)), ((-44.25075961299995 -23.07093566268087, -44.25252951199996 -23.07188293968092, -44.25531095999997 -23.07078406768089, -44.25131635799993 -23.06974201368083, -44.25075961299995 -23.07093566268087)), ((-44.33344184599996 -23.05301703168048, -44.33225814199994 -23.05375005868047, -44.33405700699996 -23.05475036468052, -44.33461448499997 -23.05400684968049, -44.33344184599996 -23.05301703168048)), ((-44.26854174799996 -23.05347700368047, -44.26827113399997 -23.05442697368052, -44.26907491999999 -23.05457388068051, -44.26908215399992 -23.05375772668048, -44.26854174799996 -23.05347700368047)), ((-44.33296421699998 -23.05560611868052, -44.33357712599997 -23.05533097868055, -44.33272290199995 -23.05470451368049, -44.33246777399995 -23.05506008168053, -44.33296421699998 -23.05560611868052)), ((-44.32932153799992 -23.05549026868054, -44.33017100199998 -23.05632499668053, -44.33058649899994 -23.05542844568051, -44.32931065699994 -23.05516309968052, -44.32932153799992 -23.05549026868054)), ((-44.40707900099994 -23.06077301268066, -44.40763905399996 -23.06007120268064, -44.40675239799997 -23.05970230968058, -44.40666211599994 -23.0598901726806, -44.40707900099994 -23.06077301268066)), ((-44.31610810699993 -23.06488477968074, -44.31645229699995 -23.06464278468071, -44.31580041199992 -23.06381344268071, -44.31531511599996 -23.06446567568072, -44.31610810699993 -23.06488477968074)), ((-44.32880601799996 -23.05603433768054, -44.32911354999992 -23.05543121968051, -44.32821784899993 -23.0547401116805, -44.32807509299994 -23.0549831506805, -44.32880601799996 -23.05603433768054)), ((-44.37643202399993 -23.05576455768055, -44.37644917799997 -23.05621117368053, -44.37713955799995 -23.05639852068054, -44.37704367799994 -23.05581492668056, -44.37643202399993 -23.05576455768055)), ((-44.37655288299992 -23.05863142068063, -44.37671792499999 -23.0584067666806, -44.37656319599994 -23.0578402086806, -44.37624889399995 -23.05814393268057, -44.37655288299992 -23.05863142068063)), ((-44.40609607399993 -23.05909279268058, -44.40571591799994 -23.0590606976806, -44.40599656299997 -23.05968476668063, -44.40625138099994 -23.05951831768062, -44.40609607399993 -23.05909279268058)), ((-44.37734028399995 -23.05741312468055, -44.37765769999993 -23.05705632868052, -44.37713274699996 -23.05688386168057, -44.37707175999997 -23.05706046468057, -44.37734028399995 -23.05741312468055)), ((-44.33850156699997 -23.06175388368066, -44.33875457999994 -23.06148239368065, -44.33833833399996 -23.06135587668065, -44.33831834299997 -23.06157293068066, -44.33850156699997 -23.06175388368066)), ((-44.37195847099997 -23.03680346068007, -44.37165774999994 -23.04004994068018, -44.36990423599997 -23.03900700668015, -44.36398740899995 -23.04102966468019, -44.36106951199996 -23.03894171068015, -44.35886066199999 -23.03958800968014, -44.35736718099997 -23.03519509168003, -44.35468722099994 -23.03795966468014, -44.35191250199995 -23.03695549568011, -44.34668771399998 -23.03938289168013, -44.34948217199997 -23.03933132868015, -44.34977829499996 -23.04253699768022, -44.34721546799994 -23.04325698668024, -44.35037759999994 -23.04790381168036, -44.34925152499994 -23.04920440968038, -44.34598801699996 -23.04816865968035, -44.34460750699998 -23.04936326568038, -44.34675107899994 -23.05131581868045, -44.34849719999994 -23.05050516368042, -44.35058516799995 -23.05171106468043, -44.35138079099994 -23.05945468868061, -44.35068127099998 -23.06089936868067, -44.34593593399995 -23.06166776768066, -44.34611142399995 -23.06389606968071, -44.34375678599997 -23.0636871856807, -44.34568471099993 -23.06879520168082, -44.34758525999995 -23.06859090068082, -44.34756996999993 -23.06470797368071, -44.35129451099994 -23.06370720168071, -44.35396158699994 -23.06694586168078, -44.35938592599997 -23.06811108868082, -44.36029190999993 -23.07065015168086, -44.36249209599998 -23.0716492536809, -44.36251047299992 -23.06826521868084, -44.35714214799997 -23.06515472668074, -44.35490744599996 -23.06595629868075, -44.35372213899996 -23.06337850368071, -44.35593849199995 -23.06035913768065, -44.35837726399995 -23.05945009668063, -44.35570128299997 -23.05531340868051, -44.35843966699997 -23.0535170196805, -44.36193665199994 -23.04634282468033, -44.36427483799996 -23.0454451896803, -44.36817928199996 -23.04646408868031, -44.37478958699995 -23.04386893668026, -44.38135654599994 -23.04620454368028, -44.38380903999995 -23.04426282168028, -44.38707102299998 -23.0464440656803, -44.39190651799998 -23.04474435568031, -44.39074729699995 -23.04203094368019, -44.38020013599997 -23.03549578168005, -44.37999064699993 -23.03326927868003, -44.37761530199997 -23.03153726367997, -44.37427534399995 -23.03135508167996, -44.37396497999998 -23.03519925368008, -44.37195847099997 -23.03680346068007)), ((-44.39985285199997 -23.02631205667984, -44.40103860199996 -23.03182335867998, -44.40518745299993 -23.03264174268, -44.40289966599993 -23.02657578767985, -44.39985285199997 -23.02631205667984)), ((-44.44497499899994 -23.02897141067989, -44.44777277699995 -23.03432816268004, -44.45006286499995 -23.03417025968002, -44.44689730799996 -23.03105203567996, -44.44640261699993 -23.0285979716799, -44.44497499899994 -23.02897141067989)), ((-44.39466619199993 -23.03932770068014, -44.39130177399994 -23.03970439768019, -44.39112485299995 -23.04134151468018, -44.39512354099998 -23.04270907668021, -44.39466619199993 -23.03932770068014)), ((-44.33035739499996 -23.0264338996799, -44.32930666899995 -23.02767014667986, -44.33138193299992 -23.02825030867988, -44.33388147399994 -23.02653958367983, -44.33273015699995 -23.02552524467983, -44.33035739499996 -23.0264338996799)), ((-44.39936445999995 -23.03492273168005, -44.39702780599998 -23.03516419468004, -44.40042111099995 -23.03691877668007, -44.40061765299998 -23.03535717368007, -44.39936445999995 -23.03492273168005)), ((-44.34051002499995 -23.03790045668009, -44.34124399999996 -23.03925422168015, -44.34307686099998 -23.03974177368014, -44.34319225299998 -23.03810329368012, -44.34051002499995 -23.03790045668009)), ((-44.28591107099992 -23.02590175867985, -44.28656207099993 -23.02768219467989, -44.28816597099995 -23.02700915467984, -44.28761504299997 -23.02577295967982, -44.28591107099992 -23.02590175867985)), ((-44.48279755199997 -23.03194160767998, -44.48191451599997 -23.03021203367995, -44.48041524899998 -23.02986425667991, -44.48088265199993 -23.03105249667997, -44.48279755199997 -23.03194160767998)), ((-44.43086118899998 -23.00193345167931, -44.43087763299997 -23.00328992767935, -44.43215426799998 -23.00378526367931, -44.43218732399998 -23.00185244867931, -44.43086118899998 -23.00193345167931)), ((-44.41159422699997 -23.03452016868007, -44.41201515499994 -23.03530298568005, -44.41317941799996 -23.03431463368001, -44.41217324399997 -23.03337122868002, -44.41159422699997 -23.03452016868007)), ((-44.30866590999994 -23.0096686776795, -44.30919351899995 -23.00824749167944, -44.30744806899997 -23.00774422667941, -44.30834941999996 -23.00884767867945, -44.30866590999994 -23.0096686776795)), ((-44.30981392999996 -23.02749090667988, -44.31011221499995 -23.02726216667989, -44.31043061899992 -23.0246909216798, -44.30915788599998 -23.02550526167987, -44.30981392999996 -23.02749090667988)), ((-44.26756107599994 -23.01361905967955, -44.26780727799996 -23.0145960076796, -44.26921167899997 -23.01462605667957, -44.26883671799992 -23.01391548867957, -44.26756107599994 -23.01361905967955)), ((-44.31929310699996 -23.02014091467971, -44.31985225999995 -23.01917323667971, -44.31873762399993 -23.01843757167964, -44.31856752399995 -23.01889878967965, -44.31929310699996 -23.02014091467971)), ((-44.27970477299993 -23.03471626568002, -44.27911224999995 -23.03554699168004, -44.28000055999996 -23.03593938568006, -44.28037664899994 -23.03421790468001, -44.27970477299993 -23.03471626568002)), ((-44.43624957799994 -23.02484498167981, -44.43548497799998 -23.02591687267986, -44.43686677799996 -23.02618089367983, -44.43690244799996 -23.02520356767982, -44.43624957799994 -23.02484498167981)), ((-44.28433781099994 -23.02445313567978, -44.28393655199994 -23.02572605967985, -44.28471819499998 -23.02639040867984, -44.28515964999996 -23.02469315567983, -44.28433781099994 -23.02445313567978)), ((-44.30155553599997 -23.00872612267943, -44.30206313399997 -23.01019007267948, -44.30234095999998 -23.01036647467949, -44.30242741399996 -23.00855866167943, -44.30155553599997 -23.00872612267943)), ((-44.27945061899993 -23.02728074267989, -44.27990536699997 -23.02679436667984, -44.27823541299994 -23.02531502167987, -44.27905969799996 -23.02643415367987, -44.27945061899993 -23.02728074267989)), ((-44.38349470099995 -23.00677457767939, -44.38276205599993 -23.00669157767942, -44.38262820499995 -23.00687793267941, -44.38316856199997 -23.00740394267942, -44.38417297499995 -23.0066751756794, -44.38349470099995 -23.00677457767939)), ((-44.28363337099994 -23.03378660668006, -44.28379213199996 -23.03433169468004, -44.28444952199992 -23.03391972668004, -44.28405965799993 -23.03325494068002, -44.28363337099994 -23.03378660668006)), ((-44.29695130199995 -23.03244675267999, -44.29702616899993 -23.03215069367999, -44.29615101399997 -23.03091808967997, -44.29627053599994 -23.03200599568, -44.29695130199995 -23.03244675267999)), ((-44.36385479999995 -23.0103126056795, -44.36379475299998 -23.00968486867948, -44.36308257699994 -23.00980355267946, -44.36315073399992 -23.00999355767951, -44.36385479999995 -23.0103126056795)), ((-44.36929101399994 -23.01245758167956, -44.36969463199994 -23.01203953867952, -44.36873872499996 -23.0118053336795, -44.36883729899994 -23.01207798967955, -44.36929101399994 -23.01245758167956)), ((-44.42586822099997 -23.01541671467962, -44.42647047699995 -23.01481795067959, -44.42629372699997 -23.01460615267958, -44.42565878199996 -23.01486486067956, -44.42586822099997 -23.01541671467962)), ((-44.32699835799998 -23.02969091267995, -44.32717967799994 -23.02942740867993, -44.32658510899995 -23.02856623367989, -44.32660691599994 -23.02918388367994, -44.32699835799998 -23.02969091267995)), ((-44.33191343299995 -23.0237363566798, -44.33186452499994 -23.0231654006798, -44.33124433099993 -23.02307909067977, -44.33141754099994 -23.0234560746798, -44.33191343299995 -23.0237363566798)), ((-44.26920654299992 -23.0251699536798, -44.26950432199993 -23.02484693167982, -44.26900847999996 -23.02415839967979, -44.26889393599999 -23.02431992167982, -44.26920654299992 -23.0251699536798)), ((-44.27672026499994 -23.01764295467963, -44.27623171099997 -23.01784545967966, -44.27641048799996 -23.01818112267964, -44.27720192099996 -23.01749743667964, -44.27672026499994 -23.01764295467963)), ((-44.32097677999996 -23.01746896367964, -44.32143469299995 -23.01738738567964, -44.32088075599994 -23.01656487367961, -44.32077735999996 -23.01681638967961, -44.32097677999996 -23.01746896367964)), ((-44.42242906399996 -23.00382549667932, -44.42277333699996 -23.00329170267933, -44.42263038999993 -23.00311810667929, -44.42213422199996 -23.00363157867934, -44.42242906399996 -23.00382549667932)), ((-44.28500123999998 -23.02589346667984, -44.28521387899995 -23.02640317467983, -44.28562707899994 -23.02622231067986, -44.28560071299995 -23.02611645667985, -44.28500123999998 -23.02589346667984)), ((-44.36594311699997 -22.99995682567928, -44.36628968899999 -22.99991231067925, -44.36579077899994 -22.99940867967922, -44.36574238399992 -22.99966110367922, -44.36594311699997 -22.99995682567928)), ((-44.28066013899996 -23.02713165767983, -44.28104001199994 -23.02709142467985, -44.28083813499995 -23.0266919026799, -44.28070180799995 -23.02675422067985, -44.28066013899996 -23.02713165767983)), ((-44.29833221799998 -23.03883566668015, -44.29852763699994 -23.03889563868011, -44.29866524099997 -23.03834947768012, -44.29833226199997 -23.03855591568015, -44.29833221799998 -23.03883566668015)), ((-44.36308272799994 -23.01421056067959, -44.36342604399993 -23.01421550167958, -44.36341307299995 -23.01387427167958, -44.36328682299995 -23.01388622667955, -44.36308272799994 -23.01421056067959)), ((-44.42347919199995 -23.00240430567932, -44.42371448499995 -23.0023070576793, -44.42336972999993 -23.00201460167927, -44.42330057799995 -23.00212646967932, -44.42347919199995 -23.00240430567932)), ((-44.36984508999995 -23.0104919026795, -44.36998745199996 -23.01035578867951, -44.36963394499997 -23.01023404567949, -44.36958896899996 -23.01027736967946, -44.36984508999995 -23.0104919026795)), ((-44.29840309399997 -23.03790195368012, -44.29859873499998 -23.0378253716801, -44.29853633099997 -23.03762235368011, -44.29833652299993 -23.03773723968014, -44.29840309399997 -23.03790195368012)), ((-44.38364579399996 -23.03410441068001, -44.38386741999994 -23.03405589168006, -44.38381843299993 -23.03381735968004, -44.38359310599998 -23.03395577168004, -44.38364579399996 -23.03410441068001)), ((-44.39775201999998 -23.03721665468011, -44.39785344599994 -23.0372812656801, -44.39793544699994 -23.03726298968009, -44.39781763399997 -23.03706351068009, -44.39775201999998 -23.03721665468011)), ((-44.54365155799996 -22.88494507567663, -44.54498995299997 -22.88067360067654, -44.53889598299997 -22.87369685967635, -44.53060932299996 -22.86808698967624, -44.52370555499994 -22.86556514467618, -44.51842138199998 -22.8653247696762, -44.51540287299997 -22.86182216067609, -44.51167245199996 -22.86042681167606, -44.51178635799993 -22.85756492367596, -44.50908109099998 -22.85626924367593, -44.50527847899997 -22.85154934267585, -44.49464350799997 -22.84678657067573, -44.49073314599996 -22.84803244567575, -44.48494318299998 -22.84620101567575, -44.48197372599996 -22.84958943267582, -44.47872083199996 -22.8508681566758, -44.47533333599995 -22.85723934267597, -44.47879674699993 -22.86177682167611, -44.48013415899992 -22.86650448167617, -44.47602689499997 -22.86780077567626, -44.47732993899995 -22.87361598067637, -44.47072319899995 -22.87615099667644, -44.46991558399998 -22.88050314467649, -44.46619157999992 -22.88537126867665, -44.45825825799993 -22.88330654867658, -44.45230508799995 -22.87722781667644, -44.44432988899995 -22.87653236867643, -44.43943933099995 -22.87440116367639, -44.43329248099996 -22.86883759267628, -44.43266433599996 -22.86107551467606, -44.42305917399994 -22.85049648667581, -44.41067925899996 -22.84635897267573, -44.40314949199996 -22.84853899667576, -44.40339419199995 -22.8529256716759, -44.40191567299996 -22.85462545967594, -44.39694980199993 -22.85480528067593, -44.39205924399993 -22.85249460367588, -44.38743788999994 -22.85648781167597, -44.38119587899996 -22.858351334676, -44.37106124999996 -22.85745246267599, -44.36390488299997 -22.85307788167587, -44.34511603299996 -22.84560391167572, -44.34136512599998 -22.84550311567568, -44.33999050399996 -22.84139550367561, -44.33788172999993 -22.84081222667561, -44.33227329199996 -22.84296586567563, -44.32908769999993 -22.84166470867561, -44.32527396199998 -22.83776123667551, -44.32051800599992 -22.83991487667558, -44.32106639399995 -22.84708376667575, -44.32378295099994 -22.84958237167578, -44.31961217599996 -22.84764894667575, -44.31444845399994 -22.84264600067565, -44.31153230599994 -22.84377259367569, -44.30995197799996 -22.84661967567574, -44.30553636999997 -22.84749719667574, -44.30464255399994 -22.8524408686759, -44.30311749999998 -22.85397964167591, -44.29961369799996 -22.85166575267586, -44.29650367699997 -22.84490559367571, -44.29175849399996 -22.84246494567565, -44.28797829899997 -22.84220115467564, -44.28534016099997 -22.84387550367566, -44.28203487299992 -22.84201320567562, -44.27997325799998 -22.84557186367573, -44.27540693499997 -22.84650556467576, -44.27208970499998 -22.84564000867572, -44.26685882599997 -22.84886378767581, -44.26088816899994 -22.84759704867575, -44.24800202499995 -22.85717182667598, -44.24463585399995 -22.86808076967623, -44.24041557599997 -22.86918347367627, -44.23767191699994 -22.87203116867635, -44.23481233999996 -22.8703808636763, -44.23152463799993 -22.8714147696763, -44.23169532699995 -22.87433918867638, -44.23405649599992 -22.87638657267641, -44.23774988099995 -22.88622645567662, -44.23685811599994 -22.89723334167689, -44.24169687899995 -22.90233647967698, -44.23822491799994 -22.90400274367708, -44.23702986199998 -22.90676467067714, -44.24088761199993 -22.91077852367723, -44.24119705999993 -22.91476895367731, -44.23161481099998 -22.92017543767743, -44.22343853299996 -22.9288722166776, -44.21497744899994 -22.93187401367771, -44.20374633099993 -22.92893645967761, -44.19259010599995 -22.92891422467766, -44.19000004799994 -22.93459332567777, -44.18733724599996 -22.94114369767793, -44.18765567599996 -22.95182792167815, -44.18398279599995 -22.9588015166783, -44.18186552799994 -22.96704882367851, -44.17819704999993 -22.97300730467865, -44.17886121099996 -22.98049952867879, -44.17242478499998 -22.98416506667888, -44.17237786799995 -22.98865347367897, -44.16851887499995 -22.99620627567917, -44.16769885899998 -23.0033560496793, -44.16517395599993 -23.00500285167939, -44.16297986499995 -23.00979012767951, -44.16617934599998 -23.01525136067961, -44.16478749799994 -23.02586714967985, -44.16618524399995 -23.0286036636799, -44.16566011699995 -23.03393680868004, -44.17058636999997 -23.03284085167999, -44.17674506199995 -23.03744790668011, -44.17617184199998 -23.0424037356802, -44.17206710899995 -23.04303790968025, -44.17144485899996 -23.04612706768027, -44.17369375299995 -23.04874899168039, -44.17918521299998 -23.05043062968041, -44.18245676999993 -23.04544984768027, -44.18578588199994 -23.04976818668038, -44.18477935399994 -23.05252365968049, -44.18937500299994 -23.05206653568043, -44.19162944899995 -23.05413576268048, -44.19480383999996 -23.05447227668049, -44.19598362099998 -23.04789233468036, -44.19285998699996 -23.04400869368027, -44.19388092299993 -23.04106081468016, -44.20137814499997 -23.03831269968013, -44.20379766199994 -23.03937371168013, -44.20281960299997 -23.04047140868019, -44.20550710499997 -23.04303559868023, -44.20815018999998 -23.04311224268024, -44.21925197699994 -23.04997878968041, -44.22385551499997 -23.0488073206804, -44.23022019999996 -23.05315253868048, -44.23307785299994 -23.05292070668047, -44.23264218199994 -23.05443175768053, -44.23706801999997 -23.05653357168052, -44.24266717799996 -23.05430246568052, -44.24415435799995 -23.05514194568052, -44.24373298399995 -23.05278039668046, -44.24567413099992 -23.04953217368037, -44.24752705699995 -23.04850559468036, -44.25038605499996 -23.05039470868038, -44.25043342199994 -23.04862800068037, -44.24784321099998 -23.04500889268025, -44.24534055699996 -23.04598008868031, -44.24387505599998 -23.04427048268026, -44.24333149199998 -23.04075297168018, -44.24029091399995 -23.03629902368009, -44.24025001499995 -23.03316585268003, -44.23717780999993 -23.03293425668004, -44.23605315499999 -23.03162571167996, -44.23597938899997 -23.02935273767994, -44.23773389299998 -23.02841391067994, -44.23644463399995 -23.02611261167986, -44.23323917999993 -23.02694546167988, -44.23158603799993 -23.02247090067979, -44.22923831999999 -23.02129213667974, -44.22725113099995 -23.02248303767978, -44.22563311999994 -23.02182583967977, -44.22464762199996 -23.01782588367965, -44.22254405499995 -23.01782100767966, -44.22096089799993 -23.01596214167959, -44.22211422699996 -23.01237772767951, -44.22424122499995 -23.01068681167951, -44.23054986999994 -23.01422249367961, -44.23545467299993 -23.00768218867942, -44.23892856599996 -23.00725092267944, -44.23762081499996 -23.00607386067939, -44.24136166499994 -23.00108779867929, -44.24540951999996 -22.99954044767925, -44.24765073599998 -23.00175794167928, -44.24933740499996 -23.00057618567926, -44.24935513199994 -22.99783421567921, -44.25293367799997 -22.99852656367917, -44.25372000499993 -23.00106920167928, -44.25650741499992 -23.0017874266793, -44.25875437999997 -23.00607297667937, -44.26117640899997 -23.00723740667942, -44.26270338599993 -23.00689377767941, -44.26265423699993 -23.00405600167939, -44.26568645899993 -23.00156429167929, -44.27336662699997 -23.00402254567932, -44.27483698099996 -23.0057504326794, -44.27424465599995 -23.00837315267943, -44.27996714799997 -23.01410446167956, -44.27765060599994 -23.01592660367964, -44.27800243699994 -23.01705414067965, -44.28104839099995 -23.01696296767962, -44.28207318099992 -23.01504715667963, -44.28447035499993 -23.01458220967958, -44.28962525599996 -23.01887410867971, -44.29036450999995 -23.02081260667971, -44.28904339399998 -23.02184174167974, -44.29052409699995 -23.02449056667979, -44.29900795799994 -23.02606695667985, -44.30631902299995 -23.02400122167978, -44.30584978399997 -23.02219885667973, -44.30384425399996 -23.02159880067972, -44.30388810299996 -23.01629114167961, -44.29985164899994 -23.0156191086796, -44.29707242199999 -23.00980244367947, -44.29777328099993 -23.00724707067942, -44.30108833399999 -23.0054268056794, -44.30021906499996 -23.00420470267936, -44.30190951399992 -23.00407553067935, -44.30243465899997 -23.00344546167932, -44.30025653199993 -23.00393541167931, -44.30073320299993 -23.00225256767932, -44.30293448199994 -23.00225599167932, -44.30721159199992 -23.00673540467944, -44.31097920299992 -23.00599066367942, -44.31279385799996 -23.00852834567946, -44.31388474799996 -23.00907346867945, -44.31466247499997 -23.00785452867941, -44.31705695999995 -23.00910953067944, -44.31491383599995 -23.01521333167958, -44.31836453499994 -23.01086714867947, -44.32158465699995 -23.01261242767955, -44.32324264999993 -23.01583990667961, -44.32646347699993 -23.01392074267961, -44.32884017299995 -23.01610081367966, -44.32749064599993 -23.01945980867971, -44.32554864399997 -23.01941082367966, -44.32622820599993 -23.02087522467974, -44.32972326199997 -23.02136838367976, -44.33158128799993 -23.01998312367974, -44.33648439999995 -23.02545581767983, -44.33760445999995 -23.02248377167975, -44.34114212699996 -23.02246099767975, -44.34229707499996 -23.02480110367982, -44.34639888599997 -23.02735538167988, -44.34700108099997 -23.03017920667993, -44.35182866599995 -23.03031777967998, -44.35173205599995 -23.0291014016799, -44.34869121399998 -23.0282104876799, -44.35040599699993 -23.02292971367976, -44.35375558499992 -23.02158907467976, -44.35838231399998 -23.02375058067979, -44.35804135999995 -23.01972018767972, -44.36304249999994 -23.01824856767966, -44.36304433799994 -23.01564335167961, -44.35959773299993 -23.0110251516795, -44.36290616499998 -23.01015210667949, -44.36058172899993 -23.00868937567946, -44.35868479899995 -23.00980860467947, -44.35711540899995 -23.00877023467943, -44.35632378099995 -23.00701798667941, -44.35809196999998 -23.00549573667937, -44.35495867499998 -23.00275887067934, -44.35600653399996 -23.00119290667931, -44.35497587799994 -22.99859556367923, -44.35029729499996 -22.99452642867914, -44.34610472799993 -22.9933752866791, -44.34530201699992 -22.99125300567907, -44.34113415499996 -22.99052302467905, -44.33711859699996 -22.99094594767902, -44.33299294999995 -22.99567799367914, -44.32767609399996 -22.99505072867916, -44.32589153499998 -22.99181307367906, -44.32966308099997 -22.98776421767898, -44.32945414599993 -22.98335962567885, -44.32343989899994 -22.98209540267886, -44.32165405599994 -22.98595859367894, -44.31752661199993 -22.9853907316789, -44.31409874499996 -22.98023631667879, -44.31232105599997 -22.98041389867879, -44.31166139799996 -22.9776398416787, -44.30937782899997 -22.97671932267873, -44.31378241699996 -22.97698316567875, -44.31187101399995 -22.9754413956787, -44.31097553299998 -22.96952005867856, -44.31005393299995 -22.97067969567856, -44.30779844599994 -22.96753487067852, -44.30838144499995 -22.96480565167845, -44.29987132999997 -22.9586671386783, -44.30209431399992 -22.95698840567827, -44.30462978599995 -22.95702463567831, -44.30925371399996 -22.96136705267837, -44.30675185299998 -22.95791344267828, -44.30975042599994 -22.95754451967828, -44.31302810599993 -22.95972034267836, -44.31314454799997 -22.95728055167827, -44.31894427099996 -22.95646916967824, -44.32273255899997 -22.95997288167833, -44.32939093899994 -22.96087616667834, -44.33065841199993 -22.96658249767847, -44.33328413099997 -22.96749561367854, -44.33272121299995 -22.96543526367848, -44.33620004699997 -22.96458050167843, -44.33541921799997 -22.96195719067839, -44.33821777299993 -22.9576758476783, -44.33590804399995 -22.95681728367828, -44.33493742099994 -22.95810315467831, -44.33427463299994 -22.95588178067826, -44.33001499999995 -22.95679250167825, -44.32858648699994 -22.95413442267822, -44.33241038799996 -22.95277799367814, -44.33406284799997 -22.94681828867805, -44.32891846199993 -22.94361799267795, -44.32355646399998 -22.94268415067792, -44.31964323799997 -22.93640716367779, -44.32594367399997 -22.93701485467784, -44.32284836199994 -22.93150100367767, -44.32943360699994 -22.93256567267771, -44.33111946899993 -22.92581166767754, -44.33211335399994 -22.92569858367752, -44.33325960999996 -22.92628973867758, -44.33368571599993 -22.92677863867759, -44.33385113199995 -22.92801017167762, -44.33632056599998 -22.92766467067759, -44.33811797699996 -22.92331851267753, -44.33993088999996 -22.92218602067748, -44.34205769899994 -22.92416899967752, -44.34475057499997 -22.92196796367745, -44.34876340299996 -22.9231378486775, -44.34693485399998 -22.92440954167749, -44.34802111899995 -22.92675091767756, -44.34942936899994 -22.92795170267762, -44.35057082599996 -22.92666576567755, -44.35222704399997 -22.92737336467759, -44.35184176099995 -22.93039576267764, -44.35337213599996 -22.93119433367766, -44.35833103199996 -22.92692675867762, -44.35873958299992 -22.92345331667748, -44.36480988799996 -22.92420428167752, -44.36463526499995 -22.92518386667752, -44.36054955199995 -22.92593667967755, -44.36243348999994 -22.92806659567761, -44.36662279199992 -22.9286414666776, -44.36663621699994 -22.93062323967765, -44.35997383599993 -22.93191766367771, -44.36652961099998 -22.93407247067772, -44.37139297499994 -22.93797789867781, -44.37055371399997 -22.94271786167792, -44.37373999399994 -22.94162951367792, -44.37397223699997 -22.94282575167792, -44.36970388399993 -22.94380065967799, -44.37031226199997 -22.94840147267805, -44.36673599299995 -22.94828207767805, -44.36586702099999 -22.946466973678, -44.36702459499997 -22.94615611267805, -44.36379356199996 -22.94285930667794, -44.36520369999993 -22.94150742367791, -44.36438999799998 -22.94050237067787, -44.36012114499994 -22.94152276067788, -44.35854116999996 -22.94360296867794, -44.35546472399995 -22.94463900667797, -44.35022823099995 -22.94352718667799, -44.34948318999994 -22.94578880767798, -44.35391367699998 -22.94968828967808, -44.35230176599998 -22.95029864367811, -44.35263274099998 -22.95204918167815, -44.35756842599994 -22.95467143167821, -44.35925128299993 -22.95748226067827, -44.36236101799994 -22.95477017767821, -44.36715430499999 -22.96043578267832, -44.37142626499997 -22.95822169167829, -44.37379042099997 -22.95974571567831, -44.37501246899995 -22.96269623167839, -44.37354851099996 -22.9667385426785, -44.37717287699996 -22.96998830367859, -44.38069944999995 -22.96712214867848, -44.38363265599997 -22.97270530367862, -44.38533253299993 -22.9718877886786, -44.38554576799997 -22.96917251867855, -44.38707130799997 -22.96928896167855, -44.38437641899998 -22.96580861667847, -44.38093621199992 -22.96468087867845, -44.37782881599998 -22.95807933267831, -44.38530087699995 -22.95340042667821, -44.39143844399996 -22.95156584567813, -44.39181511999993 -22.9539005516782, -44.39585172499994 -22.95442684367822, -44.39588060599993 -22.95228190667813, -44.39269341699996 -22.95226973767815, -44.39264444399998 -22.95095503667817, -44.39672739899997 -22.94760928767808, -44.39721800299997 -22.95550456667822, -44.40029972299994 -22.95457816167823, -44.39791320099994 -22.95004002267809, -44.40020718799995 -22.95068804267814, -44.40149671899996 -22.95234501867817, -44.40505665899996 -22.95121717067814, -44.40662208199996 -22.95324260867822, -44.40791278999994 -22.95242884567815, -44.41429302599994 -22.9540956756782, -44.41577440799994 -22.95178441267815, -44.41250080599995 -22.94778534167804, -44.40885294799994 -22.95148279667813, -44.40787050799997 -22.95073611967812, -44.40920652499994 -22.94719950267803, -44.41039185099998 -22.94724980767803, -44.41046980999993 -22.94599723467802, -44.40838014299992 -22.94645038767805, -44.40984326199997 -22.94542428567798, -44.40928774099995 -22.94335185367796, -44.41224356099997 -22.94087121867788, -44.41444550499993 -22.94415071767797, -44.41738751799993 -22.94487855667798, -44.41838503499997 -22.94742102967802, -44.42300116499995 -22.95063097167811, -44.42423990699995 -22.95331996667822, -44.42180251099995 -22.95508902867824, -44.42674916299995 -22.95624273267828, -44.42753923299994 -22.9577243026783, -44.42549699799996 -22.96218149867838, -44.42768077199997 -22.9633413886784, -44.42875415599996 -22.96190218367838, -44.43416109799994 -22.9628483966784, -44.43553150199995 -22.96473662767849, -44.43488603299994 -22.96727254467853, -44.43767020399996 -22.97340300867863, -44.43571149599995 -22.97329477967866, -44.43449803799995 -22.9756479806787, -44.43231750099994 -22.97543618267868, -44.43093423299997 -22.97840307967879, -44.43482340099995 -22.97923203567876, -44.43715822399997 -22.98389894867886, -44.43659184799997 -22.98508195267893, -44.43441543199999 -22.98515307067894, -44.43484708899996 -22.98749922667896, -44.43613381099993 -22.98908481367901, -44.43825285999996 -22.98885572867903, -44.44118216999993 -22.99215356967909, -44.43925946599995 -22.99639863167921, -44.42941804699996 -22.99336843267911, -44.42938267699997 -22.99487401967913, -44.42484737899996 -22.99760720867923, -44.42676084499993 -22.99966789967927, -44.43105661799996 -22.99846806167924, -44.43299910399997 -23.0016083466793, -44.43746198599995 -23.0015081376793, -44.44353208799998 -23.0064317276794, -44.44460563899997 -23.01104600567952, -44.44672410599997 -23.01229227867954, -44.44104000999994 -23.01543693667961, -44.44050408799995 -23.02045571567973, -44.43751078999997 -23.02095685167972, -44.43486455099998 -23.01776392167968, -44.43392793499999 -23.01946226767968, -44.43056866599995 -23.02008118167971, -44.43907212599998 -23.02326335167981, -44.44135968099993 -23.02659612367985, -44.44392922499998 -23.02614675067985, -44.44486925999996 -23.02737852067989, -44.44849324399996 -23.02519237567983, -44.45045876899996 -23.01743769367966, -44.45212383999996 -23.01622806367964, -44.45755240199998 -23.0160147206796, -44.46004320699995 -23.01812171067965, -44.45782227899996 -23.01170492467953, -44.45863304299996 -23.00873064467946, -44.46118530999995 -23.00736775567943, -44.46190031599996 -23.00957611567947, -44.45975370299993 -23.0107844136795, -44.45986621699995 -23.01112408367951, -44.46214887099995 -23.00985448167947, -44.46984748499994 -23.01242667867953, -44.46213937099997 -23.00955796567945, -44.46218307299994 -23.00773942367945, -44.46968319099994 -23.01161236167953, -44.47125026699996 -23.00898186367948, -44.47524406799994 -23.00771154467942, -44.47609008299997 -23.00577438167941, -44.48370782299997 -23.00814439267945, -44.48663642399998 -23.01624844667962, -44.48957958099993 -23.02028218067973, -44.49334932499993 -23.02100054667977, -44.49482880999994 -23.02413502367977, -44.50059648599995 -23.02536366067986, -44.50507737899994 -23.03050936067993, -44.51014887099996 -23.02589684067987, -44.51564282699997 -23.02594909467984, -44.52020937599996 -23.02764848867988, -44.52176742599993 -23.02588028567987, -44.52642634699999 -23.02541970667987, -44.53050068799995 -23.02005220567971, -44.53310472299994 -23.02093793167971, -44.53600990599994 -23.02508313067979, -44.53843679599998 -23.02302824567981, -44.54398144299995 -23.02287767267976, -44.54514174399998 -23.02206280467977, -44.54412315899998 -23.02097336067975, -44.54633747499997 -23.02008763467969, -44.54460145099995 -23.01613729467964, -44.54780778099995 -23.01479099067957, -44.54477859599995 -23.01371040467955, -44.54681576699995 -23.01085836567947, -44.54337914899997 -23.00836061767944, -44.54663862199993 -23.00857319167948, -44.54822407199998 -23.00422427567936, -44.54735605999997 -23.00358655267932, -44.54474316799996 -23.00642973467938, -44.54595661299993 -23.00324997667933, -44.54298057199998 -23.00370169667933, -44.54514174399998 -23.00045108167924, -44.54282999799995 -23.00213396167932, -44.54143940799997 -23.00045108167924, -44.54454830799995 -22.99830762367923, -44.54136854999995 -22.99864419967921, -44.54056871999995 -22.99598370467918, -44.54385961399998 -22.99640833567918, -44.54152414099996 -22.99318821367909, -44.54595918099994 -22.99229176867911, -44.54344677799997 -22.98487251267893, -44.54563805899993 -22.98353653067889, -44.54447746999995 -22.9815088366788, -44.54571809899993 -22.97862737667878, -44.54931992399997 -22.97801373267876, -44.54858621899996 -22.97625283967874, -44.55044049199995 -22.97283777667862, -44.55209466399997 -22.97290447667861, -44.55441583999993 -22.97573257667866, -44.55501614399998 -22.97223747167864, -44.56056562299994 -22.97180391867863, -44.55742089699998 -22.96316422467843, -44.55780934099994 -22.96132076167838, -44.56176620199994 -22.95922711467828, -44.56167402899995 -22.9544341116782, -44.56508663199997 -22.95497179467824, -44.57086500799994 -22.95125413767817, -44.57425566299997 -22.95068134767812, -44.57702753499995 -22.94641168867802, -44.58148083799994 -22.94775465567809, -44.58487604499992 -22.94566171967798, -44.58676550199993 -22.94733025467804, -44.59453262099998 -22.94766745067808, -44.59693368399996 -22.94571985667803, -44.60234043599996 -22.94528964167797, -44.60777044299994 -22.94270254067795, -44.61220049099995 -22.93727834767783, -44.61378182099998 -22.93877247067785, -44.62026410999994 -22.93961545967789, -44.62265485399996 -22.93669515567778, -44.62718820999999 -22.92411305067752, -44.62960882099997 -22.92133423267743, -44.63023839699996 -22.91708459467736, -44.63354705899996 -22.91437508667729, -44.63582440499994 -22.91535397967733, -44.64034061099994 -22.91290278567729, -44.63482345899995 -22.9058965186771, -44.62975544099993 -22.90569779967709, -44.62164965999994 -22.90012111967697, -44.60731076599994 -22.88523695967662, -44.60233449799995 -22.89019186967677, -44.59977873199995 -22.89076851867674, -44.59280910999995 -22.88443961767659, -44.58744128999996 -22.88268831267658, -44.58289216999997 -22.88373482467658, -44.57572953499994 -22.87801752267644, -44.56986348499998 -22.8840012956766, -44.56620494299994 -22.88269543267655, -44.56240333099998 -22.88364939467661, -44.55595340399997 -22.88809172867668, -44.54365155799996 -22.88494507567663)), ((-44.40187113299998 -22.97641892667871, -44.40072658099995 -22.97799586667876, -44.39781426799993 -22.97787265867876, -44.39861912399992 -22.97957694967882, -44.39520752999993 -22.97945010267877, -44.39866935899994 -22.98212907967885, -44.39911569999997 -22.98487070267891, -44.40151672599995 -22.98164485367885, -44.40511471899998 -22.9850771836789, -44.40746781699993 -22.98163769067884, -44.40425465899995 -22.97697919767871, -44.40187113299998 -22.97641892667871)), ((-44.33892740999993 -22.93456532567773, -44.33623934399998 -22.93672712167778, -44.33650918699993 -22.93888580667786, -44.33969477499993 -22.9421060796779, -44.34252226399997 -22.94292702567795, -44.34518665899997 -22.93867022867787, -44.33892740999993 -22.93456532567773)), ((-44.41452899799997 -22.96894580567855, -44.41488225899996 -22.97044474767855, -44.42114762599993 -22.97367645667867, -44.42347847199994 -22.97393807667867, -44.42532481299996 -22.97212665967863, -44.42405421399997 -22.96938817767853, -44.41884586699995 -22.96922220967855, -44.41735217799992 -22.96699522267852, -44.41572777799995 -22.9669496496785, -44.41452899799997 -22.96894580567855)), ((-44.41356836699998 -22.98575963967894, -44.41224797399996 -22.99009273467905, -44.40893808699996 -22.98975323167901, -44.41129081099996 -22.9932965406791, -44.41354271299996 -22.99344572467912, -44.41356784099997 -22.98957454567904, -44.41673125699999 -22.987918635679, -44.41641359999993 -22.98615790867891, -44.41356836699998 -22.98575963967894)), ((-44.34623556299993 -22.96297567967841, -44.35123510199997 -22.96481534367843, -44.35208621599997 -22.9627757116784, -44.34559507699999 -22.95978460667834, -44.34623556299993 -22.96297567967841)), ((-44.33523237699995 -22.95428429667823, -44.33865313199993 -22.95498401167823, -44.33540468199994 -22.94740008067806, -44.33417489399994 -22.94794499767809, -44.33523237699995 -22.95428429667823)), ((-44.35227728499996 -22.98462189467888, -44.35618230099993 -22.98707798967893, -44.35750360999997 -22.98705980967897, -44.35509835999994 -22.98340186867885, -44.35018495699995 -22.98086818967884, -44.35227728499996 -22.98462189467888)), ((-44.40761272299994 -22.99417471867913, -44.40544275699995 -22.99401702267915, -44.40692904499997 -22.99689954767916, -44.40812754999996 -22.99480257867913, -44.41045188399993 -22.99429097167911, -44.40860396799997 -22.99236251367904, -44.40761272299994 -22.99417471867913)), ((-44.37195660199995 -22.97054302467856, -44.37025963499997 -22.96743947767851, -44.36834754899996 -22.96662362367851, -44.36797869099995 -22.96855473767855, -44.37195660199995 -22.97054302467856)), ((-44.40227702699998 -22.98989047367902, -44.40048643199997 -22.99040479167901, -44.40103957099995 -22.9927945196791, -44.40437697299996 -22.99144859467907, -44.40227702699998 -22.98989047367902)), ((-44.34078007099998 -22.97942633867877, -44.34194269599993 -22.97766205667872, -44.34032325599997 -22.97549172167871, -44.33918941899997 -22.97775141567874, -44.34078007099998 -22.97942633867877)), ((-44.38882228199998 -22.97387034367863, -44.39098115799993 -22.97251954367863, -44.38727371999993 -22.97193479267862, -44.38757002599993 -22.97326343667866, -44.38882228199998 -22.97387034367863)), ((-44.34804931199993 -22.97822934367877, -44.34798134099997 -22.97683954767873, -44.34498803199995 -22.97525537267866, -44.34524960799995 -22.97653758367874, -44.34804931199993 -22.97822934367877)), ((-44.35906458999994 -22.98472245067889, -44.36145828499997 -22.98703402467898, -44.36314506399997 -22.98742716967895, -44.36112225699998 -22.9850478506789, -44.35906458999994 -22.98472245067889)), ((-44.32058521699996 -22.95996304467832, -44.32001711099996 -22.96166356167839, -44.32134944999995 -22.96264526767842, -44.32202513999994 -22.96096462867835, -44.32058521699996 -22.95996304467832)), ((-44.39831356499997 -22.95905665967831, -44.39926845299993 -22.9586707296783, -44.39821882499996 -22.95642755967828, -44.39720785999997 -22.95762009867827, -44.39831356499997 -22.95905665967831)), ((-44.33176630399998 -22.9275687696776, -44.33258919899998 -22.92853973367763, -44.33359132099996 -22.92725667167759, -44.33208023199995 -22.92582776567755, -44.33176630399998 -22.9275687696776)), ((-44.34261082099993 -22.96234463167838, -44.34427793699995 -22.96233818467841, -44.34187722699993 -22.96007328467834, -44.34137088699998 -22.96089159667836, -44.34261082099993 -22.96234463167838)), ((-44.31854573599997 -22.9676296496785, -44.31922934699997 -22.96651125567848, -44.31698025299993 -22.96592344267846, -44.31684001699993 -22.9665784106785, -44.31854573599997 -22.9676296496785)), ((-44.35132380399994 -22.95278523167816, -44.35196050599995 -22.95484032267821, -44.35337155599996 -22.95519679867826, -44.35225934699997 -22.95285286267816, -44.35132380399994 -22.95278523167816)), ((-44.40625603499996 -22.96240054567843, -44.40810720099994 -22.96325573467843, -44.40873286499993 -22.96243847367841, -44.40791207899996 -22.96186570367838, -44.40625603499996 -22.96240054567843)), ((-44.43088301699999 -22.97508243867868, -44.43169895799996 -22.97540063367869, -44.43265406999996 -22.97424631367869, -44.43080409199996 -22.97399961567868, -44.43088301699999 -22.97508243867868)), ((-44.34167440999993 -22.96379624067842, -44.34244964199995 -22.96337727167842, -44.34105335899994 -22.96209591167838, -44.34061103299996 -22.96315076567841, -44.34167440999993 -22.96379624067842)), ((-44.36379999699994 -22.96518108867847, -44.36457633099995 -22.96401152967842, -44.36334751899994 -22.96357715767844, -44.36320131899998 -22.96442275067846, -44.36379999699994 -22.96518108867847)), ((-44.41130764399998 -22.9837627136789, -44.41122445499996 -22.98434991867891, -44.41408028499995 -22.98410569967886, -44.41385812299995 -22.98360621167885, -44.41130764399998 -22.9837627136789)), ((-44.33037898299994 -22.98055832267884, -44.33069548099996 -22.97958931567878, -44.32925025599996 -22.97826355967878, -44.32936133399993 -22.9791271276788, -44.33037898299994 -22.98055832267884)), ((-44.36830188399993 -22.94340312067797, -44.36895022999992 -22.94382634467796, -44.37007800299994 -22.94325722067797, -44.36855480499997 -22.94228559867793, -44.36830188399993 -22.94340312067797)), ((-44.36943274399993 -22.94223805967796, -44.36999761799995 -22.94113167667788, -44.36892896399996 -22.94068557467787, -44.36859222599997 -22.94150095067794, -44.36943274399993 -22.94223805967796)), ((-44.34086408699994 -22.98529916467893, -44.34109117499997 -22.98663350667898, -44.34202989099997 -22.98665930167897, -44.34205076099994 -22.98552735367893, -44.34086408699994 -22.98529916467893)), ((-44.34592069099995 -22.93154536067771, -44.34599831099995 -22.93216620667773, -44.34750011799996 -22.9314840416777, -44.34600339999997 -22.93039968467767, -44.34592069099995 -22.93154536067771)), ((-44.39999405199995 -22.9524640316782, -44.40050898299994 -22.95154731167814, -44.39905573299995 -22.95108368167812, -44.39937613499995 -22.95184234867816, -44.39999405199995 -22.9524640316782)), ((-44.42193437899993 -22.99424686067914, -44.42198134399996 -22.99527756267915, -44.42307879599997 -22.99535296967915, -44.42282140399993 -22.9946499566791, -44.42193437899993 -22.99424686067914)), ((-44.37530185899993 -22.97525391667866, -44.37587730999996 -22.97573513867869, -44.37681253799996 -22.97596429367871, -44.37480891499996 -22.97410188867866, -44.37530185899993 -22.97525391667866)), ((-44.31553682499997 -22.96873272167856, -44.31490971099998 -22.96932433367858, -44.31637691799995 -22.96954587467856, -44.31604118699994 -22.96892934967855, -44.31553682499997 -22.96873272167856)), ((-44.31201493299994 -22.96749689867853, -44.31263272999997 -22.96734875867851, -44.31247702199994 -22.96640636067849, -44.31152971999995 -22.96683392467849, -44.31201493299994 -22.96749689867853)), ((-44.35198195899994 -22.99343620367909, -44.35291180099993 -22.9935499536791, -44.35306367799995 -22.99320729067909, -44.35220546699998 -22.9927468746791, -44.35198195899994 -22.99343620367909)), ((-44.32783570299995 -22.97203105467861, -44.32802306199994 -22.97261989567865, -44.32910809699995 -22.9724270846786, -44.32889344299997 -22.97214365167861, -44.32783570299995 -22.97203105467861)), ((-44.36924403199998 -22.94692597267806, -44.36965587699996 -22.94715466167804, -44.36877307599996 -22.94553191367802, -44.36865323599994 -22.94633209367804, -44.36924403199998 -22.94692597267806)), ((-44.33496396999993 -22.98185420267886, -44.33530649999994 -22.98209404067883, -44.33592401799996 -22.98185864367882, -44.33548017699996 -22.98132122767884, -44.33496396999993 -22.98185420267886)), ((-44.34528852399994 -22.99093668667904, -44.34590810699996 -22.99105307867902, -44.34601409399994 -22.99102633367907, -44.34511669799997 -22.99030869967904, -44.34528852399994 -22.99093668667904)), ((-44.33172112199998 -22.92865907067765, -44.33203321699995 -22.92882111367763, -44.33148464599998 -22.92782216967762, -44.33131565099995 -22.92830889867761, -44.33172112199998 -22.92865907067765)), ((-44.40765460399995 -22.97784516667875, -44.40730798299995 -22.97805329367877, -44.40810761099993 -22.97846842467879, -44.40817017099995 -22.97809601867876, -44.40765460399995 -22.97784516667875)), ((-44.36885506899996 -22.94431352967796, -44.36931983499993 -22.944258017678, -44.36936541799997 -22.94370291767796, -44.36892887699997 -22.94397922067797, -44.36885506899996 -22.94431352967796)), ((-44.33605751499993 -22.94706993767807, -44.33641627899994 -22.94705395067803, -44.33630633599994 -22.94659568967802, -44.33602858199998 -22.94669693367803, -44.33605751499993 -22.94706993767807)), ((-44.33370219799996 -22.92865365567763, -44.33400769399998 -22.9284446156776, -44.33381855699996 -22.92807576067762, -44.33358505099994 -22.92833768267761, -44.33370219799996 -22.92865365567763)), ((-44.39976019399995 -22.9938338226791, -44.40032083199998 -22.99389181567908, -44.40042150099998 -22.99351645267908, -44.39983721699996 -22.99363840867913, -44.39976019399995 -22.9938338226791)), ((-44.41072111199998 -22.94604027167802, -44.41100613599997 -22.94597550667804, -44.41081735399995 -22.94565508667798, -44.41061006399997 -22.94573689667803, -44.41072111199998 -22.94604027167802)), ((-44.36872958799994 -22.94714151667802, -44.36867764899995 -22.94681203367803, -44.36837756199997 -22.94689174767801, -44.36840064599994 -22.94706180267803, -44.36872958799994 -22.94714151667802)), ((-44.40992896799997 -22.94528694467802, -44.41011404799996 -22.94504833367798, -44.40976609599994 -22.944908574678, -44.40975128999997 -22.94494607167798, -44.40992896799997 -22.94528694467802)), ((-44.34866988799995 -22.93243286967772, -44.34896220799993 -22.9325105676777, -44.34898479699996 -22.93238549767767, -44.34863751799997 -22.93220690067772, -44.34866988799995 -22.93243286967772)), ((-44.39126526899997 -22.97475493767868, -44.39156618099997 -22.9747966836787, -44.39163625599996 -22.97467524067868, -44.39140541999996 -22.97464487967869, -44.39126526899997 -22.97475493767868)), ((-44.41063227399997 -22.94623115967805, -44.41073591899993 -22.94619707267804, -44.41061376599998 -22.94603686367803, -44.41053603199998 -22.94611867267801, -44.41063227399997 -22.94623115967805)))"
3300159.0,Aperibé,33,RJ,"MULTIPOLYGON (((-42.18618733099999 -21.67984895464835, -42.18402602299994 -21.67796289364831, -42.18600456699994 -21.67457834164824, -42.19570901499998 -21.66741362964805, -42.19394026299994 -21.66281000164795, -42.19531783799993 -21.65426903764774, -42.20010408599995 -21.65241312664767, -42.20478999699998 -21.64853368864758, -42.20301634999998 -21.64356306764747, -42.19760925699995 -21.64020414464737, -42.19603062899996 -21.63644413764731, -42.18665943799994 -21.62893399564715, -42.18271728999996 -21.63358809064723, -42.17929333299998 -21.63012544264716, -42.17215636399992 -21.63002943164717, -42.16840846499996 -21.62569331864705, -42.16273461899993 -21.62562423664707, -42.16215900399993 -21.62224263064697, -42.15783920299997 -21.62267272964694, -42.15782691099997 -21.61871530364684, -42.15523047099998 -21.61925060864691, -42.14499321799996 -21.61054380864666, -42.14256757599997 -21.60983063164668, -42.13898795399995 -21.6109390296467, -42.14066265499997 -21.60660290464658, -42.13911250599994 -21.60425936164652, -42.13732310999995 -21.60400306964651, -42.13572822999998 -21.60612564664657, -42.13287229099995 -21.60192793064645, -42.13151570599996 -21.60289205964648, -42.12627747299996 -21.60125382264645, -42.12399027799994 -21.60259324864648, -42.11983221299993 -21.60151784964647, -42.11570558099992 -21.60531466064657, -42.11646575299994 -21.61172426564674, -42.10727216299995 -21.61613114364683, -42.10417494899996 -21.61611853464682, -42.10064807599998 -21.6195445666469, -42.09629867499996 -21.62107989164695, -42.09546802999994 -21.62430628564698, -42.09265593099996 -21.62591368164704, -42.09125242099997 -21.62903746564712, -42.08720613399998 -21.62978238164712, -42.08512345699994 -21.62723671964707, -42.07936262799994 -21.62599319964704, -42.07613497799996 -21.62746265064707, -42.07406998599998 -21.63333919264722, -42.06833796299996 -21.63327451664726, -42.06171045299993 -21.63711807764735, -42.05684867499997 -21.63681955764733, -42.06262581799994 -21.64090104964745, -42.06346725599996 -21.64563083664752, -42.07085854999996 -21.65133825464763, -42.06688862299995 -21.65330190664771, -42.06877300199994 -21.65530980364777, -42.08331219799992 -21.66396878364798, -42.08819423699998 -21.66841236364808, -42.09378802799994 -21.67081862164815, -42.09737020299995 -21.67540665064824, -42.10792394299995 -21.68123808864835, -42.11661253399995 -21.6897364476486, -42.11646593999995 -21.69449509564873, -42.11817055899996 -21.69757773364878, -42.13196879499997 -21.70428885764892, -42.13795309599994 -21.70478817664895, -42.15060540799993 -21.6915789736486, -42.15905885499994 -21.69246283764862, -42.16547511599997 -21.69093078064863, -42.16945346299996 -21.68700123364851, -42.17513463699999 -21.68787989664855, -42.17831190899994 -21.68638921364848, -42.17906233799993 -21.68271721964844, -42.18423429599994 -21.68156599764838, -42.18618733099999 -21.67984895464835)))"
3300209.0,Araruama,33,RJ,"MULTIPOLYGON (((-42.37622152999995 -22.859415884676, -42.36993347399994 -22.83539679667547, -42.44681280599996 -22.82275068067519, -42.44178402999994 -22.73031047467306, -42.43801361599997 -22.73308235367309, -42.42912504099996 -22.73296932867314, -42.42120470599997 -22.7361931246732, -42.41714726799995 -22.73579165467319, -42.40996305099997 -22.72931354767302, -42.40419879899996 -22.73221927667311, -42.39893100599994 -22.73003033967303, -42.39581292499997 -22.72296190767288, -42.39364931299997 -22.72145384767285, -42.38937806499996 -22.7224370476729, -42.37888012399998 -22.71853464967275, -42.36875336299994 -22.72425945167292, -42.36200676599998 -22.71917983067281, -42.36189529999995 -22.71307934567268, -42.35951946799997 -22.71190322867266, -42.35744680699997 -22.71418207167271, -42.35610120499995 -22.71399759367264, -42.35298903299996 -22.71018343267258, -42.34528213099997 -22.71073125367258, -42.33953076799997 -22.70616271767246, -42.33768599099994 -22.70665104067249, -42.33192920199996 -22.70428538567243, -42.33004915699996 -22.70046832567238, -42.33091417099995 -22.69575780067228, -42.32942636799993 -22.69195297767219, -42.32373133399995 -22.68638018567204, -42.32163883999993 -22.67990855667187, -42.31446013499993 -22.64799376267113, -42.30998135499993 -22.63951565267094, -42.30135368699995 -22.62938752067073, -42.29547686999995 -22.6238233006706, -42.28114565999992 -22.61438700767037, -42.28016364899997 -22.60851368967023, -42.27542678199995 -22.60562401267018, -42.26227221199997 -22.60760542667024, -42.25956768099996 -22.60864270267022, -42.25904523099995 -22.61069174267029, -42.25482408999994 -22.61188272167033, -42.25040384399995 -22.61083601967031, -42.24873192699994 -22.61307263967033, -42.24334632499994 -22.60916656267021, -42.24089628399997 -22.60996940267025, -42.24051788699995 -22.60758306767022, -42.23645861499994 -22.60933273167025, -42.23432581999998 -22.6066434636702, -42.23644302399997 -22.60652785767017, -42.23599720099998 -22.60516973067013, -42.23238236799995 -22.60404246867012, -42.23451114099998 -22.60178068867008, -42.23598242199994 -22.6020225876701, -42.23762261199993 -22.59916174067002, -42.23409820499995 -22.59966905767006, -42.23303536399992 -22.59807516867004, -42.22583451399998 -22.59628880266993, -42.22834520899993 -22.59410356866992, -42.22695555099995 -22.59363076866991, -42.22725474499998 -22.58962532766981, -42.22538146899995 -22.59252825066983, -42.21934984499994 -22.58995267566979, -42.21853434299993 -22.59344793366986, -42.21731488399995 -22.59072547866984, -42.21544709399996 -22.59261776966989, -42.21383763399995 -22.5896192696698, -42.21467376199996 -22.58633149666973, -42.20898170399992 -22.58307504166967, -42.20857406499994 -22.58097700866958, -42.20608021399993 -22.58305869066966, -42.20337822999993 -22.58090364566962, -42.20501852699994 -22.58106868866961, -42.20565957899998 -22.57979116166956, -42.20507041099994 -22.57713188866951, -42.20231637299997 -22.57484524666944, -42.19877854899994 -22.57679392566949, -42.19798038199997 -22.57407584166945, -42.19662133899994 -22.57433470666944, -42.19694851599996 -22.57293971066941, -42.19566497599993 -22.57342867866944, -42.19661414899997 -22.57085440866934, -42.19445693899996 -22.57153033366935, -42.19482366499994 -22.56935874266934, -42.19319856699997 -22.56855338466927, -42.19385291999998 -22.56640336566924, -42.19199771999996 -22.56679166266927, -42.19226377599994 -22.56239095466918, -42.19113483599994 -22.56152807066915, -42.19288936599996 -22.55794710266908, -42.18843832299994 -22.55778890766907, -42.18865918899996 -22.55618721866899, -42.18575840599993 -22.55383268666897, -42.18656365599996 -22.55280140266893, -42.18532693899994 -22.55162497466889, -42.18644592999993 -22.55116735766889, -42.18221471099997 -22.5511211676689, -42.18248958899994 -22.55269446166891, -42.13189516699998 -22.6533646276713, -42.13843374499992 -22.65732149167136, -42.14250937799994 -22.65641838567133, -42.15178282899996 -22.66948249867168, -42.16689789899993 -22.68042516767189, -42.21839887799996 -22.77023687867397, -42.25388559999993 -22.79198520367448, -42.23949336199997 -22.84019242367559, -42.24925494899997 -22.84838989167578, -42.23703223599994 -22.86353183867615, -42.28262983199993 -22.90015049967697, -42.27716852899992 -22.9064141426771, -42.27493479199995 -22.91426582467732, -42.27729357399993 -22.92138087267744, -42.28298077699997 -22.92622804067755, -42.28122479999996 -22.93946920167787, -42.33451612199997 -22.93639270067778, -42.38163645799995 -22.93568500367776, -42.37795101699993 -22.90773183367714, -42.38277693399993 -22.901866213677, -42.38683983099997 -22.89291132667677, -42.38511803999994 -22.88695787567667, -42.38259860199997 -22.88377499467659, -42.37622152999995 -22.859415884676)))"
3300225.0,Areal,33,RJ,"MULTIPOLYGON (((-43.16057036399996 -22.20341002266078, -43.15962949099997 -22.1928624356605, -43.15534874599996 -22.19062278666046, -43.13784146999995 -22.19536964266056, -43.13372011699993 -22.19411826066058, -43.13155346199994 -22.19087320566047, -43.12472760599996 -22.1945417676606, -43.12118055399997 -22.19873057566067, -43.11677077599995 -22.1988862996607, -43.11616380999993 -22.20020704166069, -43.10720662599993 -22.19935141166068, -43.10410892399994 -22.19410729766055, -43.10300557399995 -22.18766181266039, -43.09509717299994 -22.18910969466044, -43.09474277899994 -22.18437873866033, -43.09307161299994 -22.18317095066033, -43.08738173899997 -22.18442882266035, -43.08151112199994 -22.18169184366025, -43.07819403299993 -22.17786332966016, -43.07187586699996 -22.17661461266016, -43.06805744799993 -22.17228302066003, -43.05819944499995 -22.16868536165998, -43.05452132399994 -22.16497861465986, -43.05166733399994 -22.16659043765992, -43.03917954599996 -22.1628282216598, -43.03398652599998 -22.1667393446599, -43.03709325999994 -22.16993767965995, -43.03938689399996 -22.16950625965998, -43.03942461099996 -22.17226838466003, -43.04244231999996 -22.1757668886601, -43.04262607499992 -22.17990147866024, -43.04646839299993 -22.1791266286602, -43.05054172099994 -22.18141815866022, -43.05893951999995 -22.18990445366044, -43.04775729899995 -22.20860531566089, -43.05046947499993 -22.20751160466084, -43.05296924699996 -22.21428527966104, -43.05539801299994 -22.21385420266101, -43.05742911899995 -22.21643949466105, -43.05977088299995 -22.21586226666103, -43.07594819999996 -22.22345818066126, -43.09395422399995 -22.24232640966167, -43.09056611499994 -22.25038070866188, -43.09276860999995 -22.25345153766192, -43.08989957199998 -22.26135794966212, -43.09431936199996 -22.26565793866224, -43.09974994499998 -22.26459790566222, -43.10129235799997 -22.26587288066224, -43.10284045599997 -22.27349296166239, -43.10608822999995 -22.27508576666246, -43.10634594099997 -22.2815436946626, -43.11059423599994 -22.28340242166264, -43.11625982799995 -22.28300703566266, -43.11865613899993 -22.28036660466256, -43.12126340199995 -22.28010856166259, -43.12288502999996 -22.27581914666246, -43.12700740799994 -22.27587300066246, -43.13044942799996 -22.28249139266263, -43.13704526499998 -22.28300731966267, -43.13984387499993 -22.28473073866268, -43.13753146899994 -22.28697026966272, -43.13915201599995 -22.2907187516628, -43.13720558899996 -22.29469585066294, -43.14040475099995 -22.29383608166289, -43.14622019799997 -22.29813360966297, -43.14552460799996 -22.30400412066312, -43.14956193099994 -22.30605130466316, -43.15107095999997 -22.30865958366323, -43.15432107299994 -22.30646412766322, -43.16122579499994 -22.31024256266324, -43.16720261799997 -22.30922528666326, -43.17387023099997 -22.31017232866329, -43.18166987899996 -22.30114489966307, -43.18019997699996 -22.29957211366304, -43.17745947099996 -22.29953690866301, -43.17706990999994 -22.29759827566296, -43.18272122499995 -22.29612623166295, -43.17688130399993 -22.27788274866254, -43.17514143599993 -22.26581835266223, -43.17729087699995 -22.26457324966223, -43.17464758399996 -22.25664848866202, -43.17342450399997 -22.25651939766205, -43.17416009799995 -22.25094598966189, -43.17161452999994 -22.24490102766176, -43.17319514299992 -22.24307228166171, -43.17011392199998 -22.23914768066162, -43.16980407899995 -22.23254378666144, -43.16529010199996 -22.22817561766138, -43.16323663699995 -22.22276248966121, -43.16594016299997 -22.2218997916612, -43.16477977299995 -22.21928739566116, -43.16673603299995 -22.21826066266116, -43.16736179299993 -22.21467621266106, -43.16389805399996 -22.21468123466105, -43.16057036399996 -22.20341002266078)))"
3300233.0,Armação Dos Búzios,33,RJ,"MULTIPOLYGON (((-41.94604018999996 -22.72795512567297, -41.94620981099995 -22.72797765667299, -41.94587542099998 -22.72771227967299, -41.94584223999994 -22.72788193667301, -41.94604018999996 -22.72795512567297)), ((-41.92045265899998 -22.72177158367286, -41.92013870499994 -22.7241437666729, -41.92207180599996 -22.72547320467295, -41.92648298999995 -22.7239120906729, -41.92418361699998 -22.72189924567287, -41.92045265899998 -22.72177158367286)), ((-41.91752775099997 -22.81627138167507, -41.91818078499994 -22.81584907567504, -41.91805071299995 -22.81558344867498, -41.91736939999998 -22.81571654767504, -41.91752775099997 -22.81627138167507)), ((-41.78719977899993 -22.76892107967393, -41.78445235699996 -22.76899290567394, -41.78416196999995 -22.77029899867394, -41.79386331999996 -22.771701623674, -41.79317063299992 -22.76945085267399, -41.78963737299994 -22.76743126767391, -41.78719977899993 -22.76892107967393)), ((-41.87321168199997 -22.73087971267304, -41.87478126599996 -22.7313313536731, -41.87548767499993 -22.73098287267308, -41.87430055799994 -22.72955161067301, -41.87321168199997 -22.73087971267304)), ((-41.91855270399998 -22.81574205367504, -41.91801652799995 -22.81642578267503, -41.91816553299998 -22.81702943267506, -41.91945388599997 -22.81668944667503, -41.91855270399998 -22.81574205367504)), ((-41.91957746799994 -22.81573370167503, -41.91987994399994 -22.81550398467504, -41.91969286199997 -22.81519312367503, -41.91912028099994 -22.81549810067502, -41.91957746799994 -22.81573370167503)), ((-41.82211623699993 -22.772080577674, -41.81973644999994 -22.77181291467402, -41.82537911099997 -22.77636182467409, -41.82642808299994 -22.772054728674, -41.82211623699993 -22.772080577674)), ((-41.94597205599997 -22.73652055067321, -41.94620856599993 -22.73673417467317, -41.94638022699996 -22.73669221167318, -41.94636496799995 -22.73653008667319, -41.94597205599997 -22.73652055067321)), ((-41.92324567199995 -22.81256232167498, -41.92087907499996 -22.81345991867498, -41.92019675399995 -22.81465966967502, -41.92328682499992 -22.813376836675, -41.92324567199995 -22.81256232167498)), ((-41.88714692199994 -22.75294477167355, -41.88754714199996 -22.75289844267356, -41.88739733199998 -22.75233047967358, -41.88695125599997 -22.75249474867357, -41.88714692199994 -22.75294477167355)), ((-41.94061622099997 -22.73608758167317, -41.94025382199992 -22.73632409467318, -41.94071921599993 -22.73688485367319, -41.94078025199996 -22.7360322696732, -41.94061622099997 -22.73608758167317)), ((-41.82923166499994 -22.78453362367432, -41.82975592899992 -22.78440475967433, -41.82910740099993 -22.78387274867431, -41.82891317599995 -22.78402974267431, -41.82923166499994 -22.78453362367432)), ((-41.82891202299992 -22.78484818667433, -41.82907333799994 -22.78453864767433, -41.82831841799997 -22.78432931967429, -41.82843271699994 -22.7846030916743, -41.82891202299992 -22.78484818667433)), ((-41.90371494799996 -22.75574192467363, -41.90344673199996 -22.75560894767361, -41.90366303599995 -22.75615149467363, -41.90405238099998 -22.75588820067366, -41.90370341199997 -22.75540416067362, -41.90371494799996 -22.75574192467363)), ((-41.87222125699998 -22.76681197467389, -41.87258867599996 -22.76608866267388, -41.87236063199998 -22.76576168967385, -41.87197664299998 -22.76616322667387, -41.87222125699998 -22.76681197467389)), ((-41.89634665799996 -22.78631188567437, -41.89643821099997 -22.78621651967433, -41.89648780199997 -22.78574731167434, -41.89630850999998 -22.78609254167435, -41.89634665799996 -22.78631188567437)), ((-41.90248831999997 -22.7836129876743, -41.90259513199993 -22.78355767467427, -41.90243902399993 -22.78345280767427, -41.90239295199995 -22.78351952767428, -41.90248831999997 -22.7836129876743)), ((-41.89979514399993 -22.78272034867424, -41.89983329099993 -22.78274514567428, -41.89989432599997 -22.78255441067423, -41.89979895799996 -22.78259065067428, -41.89979514399993 -22.78272034867424)), ((-41.89208331199995 -22.78475676267431, -41.89218538799997 -22.78470970767429, -41.89222366499995 -22.78459206967428, -41.89211840099995 -22.78464206567432, -41.89208331199995 -22.78475676267431)), ((-41.89995535999998 -22.78231980567422, -41.89984854899995 -22.78234650967427, -41.89984473499993 -22.78246857867426, -41.89990195599994 -22.78245904067423, -41.89995535999998 -22.78231980567422)), ((-41.98426535299995 -22.74457582867336, -41.97228202299993 -22.72886063867303, -41.96449240999993 -22.73322083667309, -41.95481833599996 -22.7317121246731, -41.95806845999994 -22.73385216967312, -41.95773658099995 -22.73598649367316, -41.94233664699993 -22.75839021067371, -41.93175467799995 -22.7675836306739, -41.91991385699998 -22.771552822674, -41.91405448299997 -22.77063920267395, -41.90880545899995 -22.76613976767391, -41.90848120999993 -22.75941636367374, -41.90924796399997 -22.7580831276737, -41.91179999599995 -22.7579648706737, -41.91032370999994 -22.75566651667364, -41.90531882499992 -22.75699212167367, -41.90254554199998 -22.75640275267363, -41.90067633899996 -22.75480630267364, -41.90072974499997 -22.75170304667352, -41.89778861299992 -22.7493436546735, -41.89474448499993 -22.75413682267362, -41.88983878399994 -22.75525071367364, -41.88589438599996 -22.75442292567362, -41.88153418899998 -22.7488477456735, -41.88286170199995 -22.74705674367344, -41.88157996399996 -22.74662568567344, -41.88163337099996 -22.74499108667341, -41.88396415099992 -22.74468400267337, -41.88180503199993 -22.74224641267329, -41.88261374799998 -22.74090936167333, -41.88024100599995 -22.73996713067329, -41.87834891499994 -22.74207284267336, -41.87589606499994 -22.74228265167336, -41.87398871699997 -22.74122598067333, -41.87456854999993 -22.7380426146732, -41.87241324699994 -22.73736741367322, -41.86999472899998 -22.74172570567332, -41.86822852299997 -22.74126412667334, -41.86812934099998 -22.74258782767335, -41.86976584699993 -22.74288727867335, -41.87271460799996 -22.74809243567343, -41.87355765599994 -22.75410249167363, -41.86965521999996 -22.75591256367368, -41.86690100899994 -22.75283601167357, -41.86527976299993 -22.75497796467366, -41.86377295799996 -22.75495126167363, -41.86622580699998 -22.76188828767379, -41.86954840899995 -22.76328065267381, -41.87100943899997 -22.76115968067375, -41.87322959399994 -22.76622559867387, -41.87555274199996 -22.76571633667387, -41.87472113899998 -22.76174905067377, -41.87639578999994 -22.76147057867375, -41.87786063499993 -22.7655885446739, -41.87890967699997 -22.76530053467384, -41.87680014799997 -22.76954247767396, -41.87833747099995 -22.77124574067397, -41.87796363199993 -22.77584626467409, -41.88141974799998 -22.7749288306741, -41.88381537799994 -22.76864602567393, -41.88637885399991 -22.76862313567391, -41.88871726299993 -22.77068688767398, -41.88825186999998 -22.77410104167404, -41.88606223499993 -22.7749517176741, -41.88525351799995 -22.77385117867409, -41.88344535099996 -22.77596642867409, -41.88404807399996 -22.77709748567414, -41.88223227799994 -22.77747514067417, -41.88115653199998 -22.78431680067428, -41.88359412499993 -22.78479172967431, -41.88377722899997 -22.78133752167423, -41.88650855299993 -22.77720048167415, -41.88818701899992 -22.78080918467425, -41.89032706499995 -22.78051354767421, -41.89320716099996 -22.78556802067436, -41.89388236199995 -22.78491379867429, -41.89475211499996 -22.78611542967434, -41.89842566899995 -22.78375985467433, -41.89865836299997 -22.78138711167423, -41.89992865799996 -22.7812555056742, -41.90067633899996 -22.7831418746743, -41.90323599999993 -22.78231026867424, -41.90262183399995 -22.78338982967426, -41.90353736199994 -22.78367783867431, -41.90450248099994 -22.77909829467417, -41.90986402099998 -22.77878186767418, -41.92182502199994 -22.78711678767436, -41.92866477199993 -22.79681947167458, -41.93081626099995 -22.80600335367478, -41.92863044099993 -22.80801560767486, -41.92654380099997 -22.80732705567486, -41.92531546899993 -22.80842568767486, -41.92819174999994 -22.81445481567503, -41.92975577599998 -22.81235482467496, -41.93075522599997 -22.81370141367497, -41.93238410399993 -22.81267907467497, -41.93318137399995 -22.80983903167491, -41.94029196799993 -22.80940797067486, -41.94214591199994 -22.81017281867491, -41.94282874499999 -22.81396081167498, -41.94739111999996 -22.81268861067496, -41.95375022199994 -22.81451775867501, -41.95861396099997 -22.81945588367509, -41.95975073999995 -22.81845261767506, -41.96358069799993 -22.81899621367509, -41.96922644799997 -22.82282044667522, -42.00136601399998 -22.79584206467455, -42.00993325199993 -22.77691800167412, -42.00756291199996 -22.77587183367408, -41.98426535299995 -22.74457582867336)), ((-41.94546696299994 -22.73742188267323, -41.94427126699998 -22.73900276967325, -41.94195308099995 -22.7389576446733, -41.94321476099998 -22.74080400167331, -41.94692028399992 -22.73944101967328, -41.94681088799995 -22.73754858967323, -41.94546696299994 -22.73742188267323)), ((-41.94154319099994 -22.73931672367327, -41.94141349099994 -22.73935677767328, -41.94157493799997 -22.73951757367325, -41.94160041199996 -22.73938348067328, -41.94154319099994 -22.73931672367327)))"
3300258.0,Arraial Do Cabo,33,RJ,"MULTIPOLYGON (((-42.03738443199995 -22.9845844186789, -42.03775027899997 -22.98431315067888, -42.03755458899996 -22.98378428467888, -42.03697941799992 -22.9842671756789, -42.03738443199995 -22.9845844186789)), ((-42.03729313499996 -22.9814133006788, -42.03753465999994 -22.98227271367881, -42.03823382699994 -22.98335000367886, -42.03861112799995 -22.98098118567884, -42.03729313499996 -22.9814133006788)), ((-41.97759158799993 -22.97845050267875, -41.97828300099997 -22.97922433267877, -41.97658095899993 -22.98028062667881, -41.97809046099997 -22.98350900967884, -41.97638821499993 -22.98415852567888, -41.97669429499996 -22.9856266486789, -41.97383760699994 -22.98962073567902, -41.97457465699995 -22.99216385567908, -41.97799300499997 -22.99391218867913, -41.97787668199993 -22.99686834867919, -41.98444476299994 -23.00195472267929, -41.98365109399997 -23.00283396967929, -41.98533069999996 -23.00318939367931, -41.98512308099998 -23.00484742767937, -41.98672905099994 -23.00525732067937, -41.98601138899995 -23.00368963767938, -41.98857872499995 -23.00493296367933, -41.98798541599995 -23.00333550367933, -41.98943023499992 -23.00304019067934, -41.99807575499994 -23.0061508956794, -41.99648395099996 -23.0079741566794, -41.99829442499998 -23.00939580367947, -41.99767686799999 -23.01176293167953, -42.00068578799993 -23.01671198167964, -42.00056875699993 -23.0145324536796, -42.00248538799996 -23.01448326467961, -42.00248559499994 -23.01316540067955, -42.00538097299994 -23.01341548567954, -42.00467981299993 -23.01201546367951, -42.00693983499996 -23.01091823067951, -42.00588858799994 -23.00905383067948, -42.00721765699996 -23.00840682767942, -42.00666864899995 -23.00709551267942, -42.00811720799993 -23.0075065036794, -42.00762346099998 -23.00597896167942, -42.00960975399993 -23.00594503267937, -42.01211309199994 -23.00320554667932, -42.01148254499997 -23.0023070786793, -42.01284450699995 -23.00235377967934, -42.01304661499994 -22.99888983467924, -42.00588331199998 -23.00284354267929, -42.00374010699994 -23.00043774467928, -42.00329102099993 -22.99335472267908, -42.00189811399997 -22.99132340467906, -42.00029484399994 -22.99087635867908, -41.99811873799995 -22.9924139916791, -41.99592359999996 -22.99119907167907, -41.99624407599997 -22.98903822767902, -41.99228417799997 -22.98709797067899, -41.99219493299995 -22.98540352667893, -41.98597766299997 -22.98088056467883, -41.98399063499993 -22.98096306467885, -41.98288204299996 -22.97883178467879, -41.97759158799993 -22.97845050267875)), ((-41.99207507099992 -22.96300097067838, -41.98543314499994 -22.96383709867841, -41.98842868599996 -22.96833961267855, -41.99247999899995 -22.96938326267856, -41.99393998599992 -22.96704737167852, -41.99207507099992 -22.96300097067838)), ((-42.02876701599995 -22.93986239867785, -42.02925848999995 -22.94172661167795, -42.02986178399993 -22.94216246067795, -42.02984470399996 -22.94052801267791, -42.02876701599995 -22.93986239867785)), ((-42.28062370199996 -22.89852113667692, -42.23703223599994 -22.86353183867615, -42.23065420999995 -22.87280570367635, -42.21223306899997 -22.87730386167646, -42.20682141199995 -22.8798454346765, -42.20005354299997 -22.87919781167651, -42.19031512999994 -22.87491330767636, -42.18046644199995 -22.87690419567644, -42.16999365699996 -22.87373504267638, -42.16305034499992 -22.88372816467658, -42.15244557599993 -22.89391076367683, -42.13191552199998 -22.90477862567705, -42.12219058999994 -22.90829307267711, -42.11146581199995 -22.92030628467739, -42.10350239699994 -22.92612840767757, -42.08848847799992 -22.93276603467771, -42.03728547299994 -22.93313082267773, -42.03261353899995 -22.94654664867804, -42.02818259099995 -22.94525300267801, -42.02699440099996 -22.94688551767803, -42.02270066999995 -22.94639303367801, -42.02496646599996 -22.94942278467813, -42.02298992599998 -22.95049245167811, -42.02489593599995 -22.95233170767813, -42.02408007199994 -22.95440274667822, -42.02684370599996 -22.95632617967826, -42.02286556699995 -22.96058478767836, -42.02068432199996 -22.96154430167837, -42.01791189899996 -22.96009525867835, -42.01635205799993 -22.95644697967827, -42.01248515499997 -22.95307797067821, -42.00189385499992 -22.94986836667813, -42.00192235399992 -22.95155307667818, -42.00813766999993 -22.95462542467824, -42.00777919599994 -22.95748844367827, -42.00946804899996 -22.96001011367833, -42.00675139999997 -22.96232874667839, -42.00473975999994 -22.9614669296784, -42.00411631399993 -22.95933594667832, -41.99901041399993 -22.95850753267831, -41.99483707899997 -22.96199423167839, -41.99820750099996 -22.96506664367845, -42.00252192299996 -22.96539469267847, -42.00351938599993 -22.96974704667855, -42.00745383399993 -22.96578294767849, -42.01328000099993 -22.96399441167841, -42.01620804099997 -22.96792823367851, -42.01194070699994 -22.96997161067857, -42.01349817099998 -22.97091637567858, -42.01332215899998 -22.97353590067864, -42.01371192399994 -22.97129103767861, -42.01851670799994 -22.96972704567856, -42.01989757199993 -22.97135708767859, -42.02099224599993 -22.97501844067866, -42.01973647699997 -22.97913946167875, -42.01046137299993 -22.97830046067875, -42.01046965099992 -22.98092116667884, -42.00791836399997 -22.98329075767887, -42.00896369399993 -22.98604862867891, -42.01283509499996 -22.98791487167895, -42.01304197499996 -22.99748862067919, -42.01621312899994 -22.99461855967911, -42.01534997999993 -22.99117812467902, -42.01798232699996 -22.990635549679, -42.01762795999997 -22.98617146367894, -42.01895933299993 -22.98634265067898, -42.01971399999996 -22.98412784967889, -42.02545377599994 -22.98182643567884, -42.03009167599997 -22.98308354367886, -42.03319356399993 -22.97898441367881, -42.03522931199995 -22.97900939267878, -42.03530151999995 -22.97657870867874, -42.03253760299997 -22.97637457967875, -42.03229917399993 -22.97376631167867, -42.03649471299996 -22.96835160367856, -42.04485441199995 -22.96336247867842, -42.05785656099994 -22.95881334867834, -42.09716562599992 -22.95243609967816, -42.16453881099994 -22.94609047267804, -42.28122479999996 -22.93946920167787, -42.28298077699997 -22.92622804067755, -42.27729357399993 -22.92138087267744, -42.27493479199995 -22.91426582467732, -42.27716852899992 -22.9064141426771, -42.28262983199993 -22.90015049967697, -42.28062370199996 -22.89852113667692)))"
3300308.0,Barra Do Piraí,33,RJ,"MULTIPOLYGON (((-43.83631812999994 -22.38625556366506, -43.83607954999997 -22.38318753066496, -43.83773831799994 -22.38184850566493, -43.83561420799997 -22.37946527266488, -43.83589581299998 -22.37714773266486, -43.83819282599995 -22.37413985466477, -43.83391923299995 -22.37568281466481, -43.83002673599997 -22.3753328406648, -43.82392851799995 -22.36966271166466, -43.81954478599993 -22.36780755666462, -43.81828306199996 -22.36286685766453, -43.81405120299995 -22.36126527766449, -43.81206067999993 -22.35899526066444, -43.81359832599998 -22.35548852266437, -43.81152737599994 -22.3544453726643, -43.81101142599994 -22.35249565266428, -43.80737785799993 -22.35196587566428, -43.80604767299996 -22.35507035466433, -43.80340525299994 -22.35700120766435, -43.79894883899993 -22.35470735666431, -43.79622511599996 -22.3570195066644, -43.79795644099994 -22.36319879666452, -43.79263823499996 -22.36378375866454, -43.79139218099994 -22.36245978966449, -43.78279260699997 -22.36103327166446, -43.78354114099995 -22.36292685166451, -43.78040268899996 -22.36736403666464, -43.77628005999997 -22.36838465166461, -43.77455126099994 -22.36668071166459, -43.77316645599996 -22.37014475266465, -43.77585846799996 -22.37302546866478, -43.77494057999996 -22.37577963366485, -43.76818387599996 -22.38104637666495, -43.76660631199996 -22.38444525266504, -43.76419754899996 -22.38520868266502, -43.76562462599997 -22.38826674966513, -43.76455322099996 -22.39120905266519, -43.76293995999998 -22.39050434966519, -43.76254977499996 -22.39223131766523, -43.75904424099996 -22.39224121066519, -43.75967823499996 -22.39352435566523, -43.75687479499992 -22.39558602066526, -43.75736252199994 -22.39685302666532, -43.75216510999997 -22.39844535666537, -43.74874880999993 -22.40320054266549, -43.75532536399992 -22.40887795466556, -43.75511862199994 -22.41387202166572, -43.75976619399995 -22.41985747166582, -43.76011914399993 -22.42315451466595, -43.76692923299998 -22.42798407066606, -43.77182422099997 -22.43651246266623, -43.77344861899996 -22.43777417366629, -43.77973546799996 -22.43816560266628, -43.77737339499998 -22.44215825666638, -43.77317156299993 -22.44160437866637, -43.77188880899995 -22.4432776786664, -43.76983140899994 -22.44184880566634, -43.76574287199998 -22.44403730666638, -43.76571042999995 -22.44894035566651, -43.75962339099992 -22.44912473666649, -43.75819477399994 -22.4518662776666, -43.76190502499998 -22.45453134166667, -43.75956711899993 -22.45799332966675, -43.75476239599993 -22.45959969666677, -43.76577621699994 -22.45879334066674, -43.76991926099998 -22.51795894666816, -43.77773198599993 -22.53119147866847, -43.78076446799997 -22.5330516496685, -43.78361288199994 -22.53213669166847, -43.78904687499993 -22.5344393626685, -43.79762269499997 -22.55188107666894, -43.80564272399994 -22.55440772666898, -43.80727428199998 -22.55339597866897, -43.80892406899994 -22.55407959266897, -43.81175321299998 -22.55174497666892, -43.81162390999997 -22.54808571766882, -43.81555470499995 -22.54972785966889, -43.81864823099993 -22.54729294166883, -43.81951847399995 -22.54125738566867, -43.81634023699996 -22.53560926266857, -43.81998166799996 -22.53313043966847, -43.81415594899994 -22.53038326566842, -43.80591006399993 -22.52388364466827, -43.80564012999996 -22.51912872766816, -43.80816404599994 -22.5175743576681, -43.81162754799993 -22.51126253566797, -43.82201604199997 -22.5166710096681, -43.82141442199997 -22.51788094066812, -43.82814944599993 -22.51656356766808, -43.82882413099998 -22.51446056366805, -43.83504767199997 -22.51337208066801, -43.83700576299997 -22.511046370668, -43.84028231399997 -22.50990016466791, -43.84463574299997 -22.50099248466773, -43.84451206099993 -22.5036595826678, -43.84922870899993 -22.50727255866788, -43.85505758599993 -22.5071599716679, -43.85388159099994 -22.51718014666808, -43.85680383999993 -22.51773988266813, -43.85807790099993 -22.52109748866821, -43.86058327599994 -22.5217243886682, -43.86332903799996 -22.5252148106683, -43.86537562499996 -22.5252002236683, -43.86487669499996 -22.52736529966834, -43.86863932699998 -22.52860024766834, -43.94367447499996 -22.51511004566809, -43.94610346399997 -22.51798993466813, -43.95306354299998 -22.51958800866819, -43.95786926399995 -22.51938330266815, -43.96296550599993 -22.51679381966807, -43.97523002999997 -22.51662442666812, -43.98140894399995 -22.51497474266805, -43.99213996999998 -22.51751110866813, -44.00139994399996 -22.511920824668, -44.00252394099993 -22.50511735366782, -44.00569829999994 -22.49833736766769, -44.01898114199997 -22.48494725466738, -44.02197528099997 -22.48414238666735, -44.02867424799996 -22.4867992906674, -44.02771398899996 -22.49289962466757, -44.02912297799997 -22.49662780566762, -44.03131720099997 -22.49708755866766, -44.03742084499998 -22.4945384096676, -44.04270838999997 -22.48732361266742, -44.04772175899995 -22.48566318166738, -44.05664835199997 -22.47819594966721, -44.05455962699995 -22.4731806456671, -44.05809625799996 -22.46611404366693, -44.06109334799999 -22.46303257466685, -44.06369740599996 -22.46237697566682, -44.06330038399993 -22.46120524666682, -44.06959568099995 -22.46204226066686, -44.07125889299993 -22.45906042266675, -44.06817472499994 -22.45609902266668, -44.06574565299996 -22.45618952066669, -44.06156302899996 -22.45186895966661, -44.05785341599994 -22.4516502696666, -44.05618891899996 -22.4471123256665, -44.05243942099996 -22.44512368966643, -44.04989887299995 -22.44530766066646, -44.04932943999994 -22.44118146066634, -44.04372013599993 -22.43517991666624, -44.03838612599998 -22.43300534966612, -44.03697500699997 -22.42962258166606, -44.02797258299995 -22.426484328666, -44.00258456999995 -22.4080291956656, -44.08416573599992 -22.38201164266495, -44.08524862599995 -22.37695927666486, -44.08381247699997 -22.37374033066478, -44.08460473099996 -22.37263554466473, -44.07986858499999 -22.36753766366463, -44.07590346199998 -22.3568774386644, -44.07274524299999 -22.35519537766435, -44.06834554899996 -22.35494808466431, -44.06862310699994 -22.34508016866411, -44.06566318199998 -22.34380483366408, -44.06313328899994 -22.3334567226638, -44.05984547099996 -22.33218494466378, -44.06028761599998 -22.33096988166375, -44.05874497099995 -22.32971998466373, -44.05678394799997 -22.32999510666374, -44.05649030599994 -22.32843172666371, -44.05266143399995 -22.32768735366367, -44.04516220599993 -22.31899069366347, -44.03665344799998 -22.3142882376634, -44.03453452199994 -22.31151530966333, -44.03189951599994 -22.31156342566333, -44.02581771499995 -22.30770437966324, -44.02253589299993 -22.30394652166311, -44.02404622799997 -22.3019745116631, -44.02381635799997 -22.29787814866297, -44.02643845199997 -22.29726523966298, -44.02236801499998 -22.29413307066287, -44.02110046599994 -22.29740600666299, -44.01766173999993 -22.30033705666303, -44.01797776199992 -22.30506888866314, -44.01145125099998 -22.30748694666324, -44.00847141899993 -22.31033013566329, -44.00415627599995 -22.30972585066325, -44.00293928099995 -22.30818445666321, -43.99099848499997 -22.30930580466326, -43.98779788599995 -22.30829557466322, -43.98161398099994 -22.31140786366332, -43.97729262499996 -22.31153697066333, -43.97675080999994 -22.31304652866337, -43.97481081499996 -22.31187141166332, -43.97267503699992 -22.31266439966336, -43.96984071099995 -22.31959339966348, -43.96985057699992 -22.32306224066358, -43.97137673299994 -22.32424796566358, -43.97063845599995 -22.33157540266379, -43.96600094499995 -22.33663570466389, -43.96775552099996 -22.33884132066397, -43.96643145899997 -22.34341763066408, -43.96018254999996 -22.33941983466396, -43.95169899899997 -22.34373820766404, -43.95040776899998 -22.34977074066418, -43.91089666699997 -22.36078754466446, -43.90968488999994 -22.35649194766436, -43.91439452299994 -22.35403021566431, -43.91263302499993 -22.35038681766424, -43.90727330999992 -22.34804938566417, -43.89993704599993 -22.34830983766414, -43.89740747899997 -22.3454691276641, -43.89292472599993 -22.34496420966409, -43.88605744199998 -22.33887664866394, -43.88737387399993 -22.33813387066395, -43.88752069799995 -22.33426187866384, -43.88719106599996 -22.33140523566379, -43.88552066999995 -22.32994799966374, -43.87580184599994 -22.32542446166363, -43.86823783599993 -22.32506225866364, -43.86634167599994 -22.32163725666356, -43.86008097899997 -22.31858121866349, -43.85707252899993 -22.3149211426634, -43.85394872299997 -22.31401773166339, -43.84605970899997 -22.31518169966339, -43.84255806699996 -22.31229153866333, -43.83958516599995 -22.31225949266334, -43.83449513199997 -22.30911187066327, -43.83211943299994 -22.31118767366331, -43.83034524199996 -22.31103374966328, -43.82677485099997 -22.31366248866339, -43.82851867699996 -22.31563149466341, -43.82907532499996 -22.32065534666353, -43.83123329799997 -22.32175207066355, -43.83155564399993 -22.32347586366359, -43.83360576499995 -22.32182222466356, -43.83533016699994 -22.3244354636636, -43.83776893799995 -22.32285518366357, -43.84067423599998 -22.3249063836636, -43.84497511199992 -22.33271343566382, -43.84993556899997 -22.33634597066391, -43.85029944899998 -22.33760244966394, -43.84855782699998 -22.33878025766394, -43.84975475399994 -22.34759070466417, -43.85240647099993 -22.35141299066426, -43.85258928399998 -22.35637826066435, -43.85788670199997 -22.36179999466452, -43.85530072499994 -22.36753106766463, -43.85843866099997 -22.37191923566471, -43.85819533199998 -22.37352125466478, -43.85666453499993 -22.37468004166481, -43.85403368699997 -22.37317730466476, -43.85244469699995 -22.37369135366479, -43.85246691899993 -22.37054359566471, -43.84788025499994 -22.36790727466463, -43.84470973399994 -22.37690709366483, -43.84479529899995 -22.38439242266501, -43.83955280199996 -22.384064760665, -43.83631812999994 -22.38625556366506)))"
3300407.0,Barra Mansa,33,RJ,"MULTIPOLYGON (((-44.30719846299997 -22.45233602566662, -44.30145672199995 -22.44940240866654, -44.29348348499995 -22.45156137566662, -44.28486243299994 -22.46228679266682, -44.27947590199994 -22.4644660866669, -44.27262560899992 -22.47033297366701, -44.26815361599994 -22.47037197766703, -44.26496680099996 -22.47413834066712, -44.25959748299993 -22.4743517606671, -44.25904448699998 -22.47984340766727, -44.25549106399995 -22.48075901366726, -44.25462667999994 -22.48404792266735, -44.25282732999994 -22.48515326966739, -44.24219124099995 -22.48635895366741, -44.23926631199998 -22.48354364666731, -44.23421886199997 -22.48413577966731, -44.23380379399998 -22.47914447466724, -44.23094600599995 -22.47696823166716, -44.22565924999997 -22.47738319566719, -44.22319529399993 -22.47988374866725, -44.22165517699995 -22.47964533866724, -44.22326294399993 -22.47503618166713, -44.22524581099998 -22.47442741166712, -44.22164467899995 -22.47309804866707, -44.22363341899995 -22.47157908266706, -44.21842428599995 -22.467491254667, -44.21948096199996 -22.46668092766695, -44.21760214799997 -22.4633527266669, -44.22239686599993 -22.46391344166687, -44.22386485399993 -22.46028767566681, -44.22307846599994 -22.45868375766677, -44.22559102199994 -22.45878611066674, -44.22497900299992 -22.45568642766667, -44.22609507299995 -22.45487299066667, -44.22344280399993 -22.45497102766665, -44.22234433399995 -22.45353559566662, -44.22049003099993 -22.45429418466663, -44.21961453299996 -22.45220431866659, -44.22234661699996 -22.4490987426665, -44.22110946199995 -22.44613232366648, -44.22396216799995 -22.44386669266643, -44.21989457899997 -22.44206576466634, -44.22053998599995 -22.43760261166624, -44.22229281599993 -22.43691945166623, -44.22208491399993 -22.43400133966617, -44.22081714699993 -22.43456524766619, -44.21727033199993 -22.43168423166613, -44.21875637399995 -22.42952317966607, -44.21557427899995 -22.42547129866595, -44.21661451999994 -22.4226747556659, -44.21288115699996 -22.42154477566589, -44.21151887699995 -22.41955522166583, -44.21289717399997 -22.41790137066582, -44.21102188999998 -22.41643035466576, -44.21221146899995 -22.41640047466575, -44.21424767399996 -22.41235203366564, -44.21371354399996 -22.40961310066559, -44.21100102399998 -22.4095387906656, -44.21187030599997 -22.40372342266545, -44.20867364699994 -22.40273476466544, -44.20944788499997 -22.4011181766654, -44.20677343399996 -22.40060703366542, -44.20804336199995 -22.39730037766534, -44.20473166999994 -22.39352208366522, -44.20663567399998 -22.3914021956652, -44.20464323699997 -22.38876848966514, -44.20634657599992 -22.38898610766512, -44.20814240799996 -22.38729765066508, -44.20274622599993 -22.38377470266504, -44.19203801899993 -22.38289586166498, -44.19156912299995 -22.38165383966496, -44.18967279199994 -22.38202548966494, -44.18951193499998 -22.38031508466493, -44.18593777899996 -22.38132440866494, -44.18286167499996 -22.38041269866489, -44.18105220199993 -22.37774776666487, -44.17874147099997 -22.37836549166489, -44.17517751699994 -22.3755991636648, -44.17328203399995 -22.37630922966482, -44.17054315899997 -22.37499047766482, -44.16640233399993 -22.37680414066483, -44.16109042799996 -22.37455931666475, -44.15808469799997 -22.37605237666482, -44.15515761499995 -22.37384919066476, -44.15922059999996 -22.36060386366444, -44.16094948399996 -22.35967552666442, -44.16007842799996 -22.35612547766436, -44.16179880999993 -22.34917718566421, -44.16517675999994 -22.33929364266397, -44.16963498699994 -22.33145557166375, -44.16956375499995 -22.32749069566368, -44.16382250899995 -22.3247351066636, -44.16264754499996 -22.32689869666367, -44.15751314599999 -22.32623222966369, -44.15381815799997 -22.33057669466376, -44.14602548499993 -22.33197285966381, -44.14048481199995 -22.33869720166394, -44.13735013099994 -22.33678676366391, -44.13180257799996 -22.33795242166394, -44.12936674099995 -22.33725395666388, -44.12418726399994 -22.33913112966396, -44.11906413199994 -22.33009903366374, -44.11281491399996 -22.32857674466374, -44.10869120499996 -22.32938143166373, -44.10272282799996 -22.32754399366367, -44.09952497199998 -22.32846198966369, -44.09932369699993 -22.32998143066377, -44.09484854199996 -22.32984233766374, -44.08979841099994 -22.32568452666366, -44.08753250999996 -22.32590712066364, -44.08415455199996 -22.32119262466351, -44.08112799299994 -22.32170779966356, -44.07412335799994 -22.31900061266349, -44.07182051499995 -22.3198361476635, -44.06730488899996 -22.31565591666343, -44.06592405399994 -22.31683023166348, -44.06298599299998 -22.31491941866336, -44.05151270899995 -22.31334547766333, -44.05129823999993 -22.30959586066325, -44.04790939499998 -22.30656699366317, -44.04363738999995 -22.30607680366317, -44.04064864799994 -22.30340374366311, -44.03341046999998 -22.30229205166308, -44.02643845199997 -22.29726523966298, -44.02381635799997 -22.29787814866297, -44.02404622799997 -22.3019745116631, -44.02255306299998 -22.30411488566313, -44.02581771499995 -22.30770437966324, -44.03189951599994 -22.31156342566333, -44.03453452199994 -22.31151530966333, -44.03665344799998 -22.3142882376634, -44.04516220599993 -22.31899069366347, -44.05266143399995 -22.32768735366367, -44.05649030599994 -22.32843172666371, -44.05678394799997 -22.32999510666374, -44.05874497099995 -22.32971998466373, -44.06028761599998 -22.33096988166375, -44.05984547099996 -22.33218494466378, -44.06313328899994 -22.3334567226638, -44.06566318199998 -22.34380483366408, -44.06862310699994 -22.34508016866411, -44.06834554899996 -22.35494808466431, -44.07274524299999 -22.35519537766435, -44.07590346199998 -22.3568774386644, -44.07986858499999 -22.36753766366463, -44.08461411999997 -22.37265747766475, -44.08485369199997 -22.38047180066492, -44.08416573599992 -22.38201164266495, -44.05775585499998 -22.39102179566517, -44.00564294499998 -22.40708515766558, -44.08880018199994 -22.40627259466556, -44.09912227699994 -22.41233847766564, -44.10920057299996 -22.42141887366585, -44.13220867999996 -22.426717617666, -44.13806246599995 -22.43131267766609, -44.14203475799997 -22.43532608966619, -44.15125264699998 -22.45264465266661, -44.15442585099998 -22.46331325566685, -44.15374805599998 -22.48343328266734, -44.15584761399997 -22.49586659866762, -44.15601544699994 -22.51667904066807, -44.14122243599996 -22.53182923666848, -44.13898096199995 -22.53223017366847, -44.13850858199999 -22.53539415766852, -44.13655816899995 -22.5374388436686, -44.12677481099996 -22.53689496966858, -44.10761942199996 -22.53314761666849, -44.10676798299993 -22.53392883166852, -44.10123821099995 -22.53214641866848, -44.10000885999993 -22.53022479766841, -44.09890952199998 -22.53185819566843, -44.09157974099997 -22.53067980866842, -44.09095800999994 -22.52927358166837, -44.09002363099995 -22.53049852766842, -44.08982167099998 -22.53506288266857, -44.08732465499997 -22.53965313566868, -44.08916129199996 -22.54113701166866, -44.08867882999994 -22.5433679306687, -44.08650404099996 -22.54279064966872, -44.08610294799996 -22.54567728366882, -44.08469542199997 -22.54539489166878, -44.08886056299997 -22.55018332666889, -44.08637409599999 -22.55429449366895, -44.08745588199996 -22.55459881066898, -44.08717556299995 -22.55800865766906, -44.09085721299993 -22.55957688466911, -44.08866381899997 -22.56271794166917, -44.08999496499995 -22.56335171366922, -44.08909507799995 -22.56482443866923, -44.09553003099996 -22.57219495366939, -44.09487706899995 -22.57337834166943, -44.09665842799995 -22.57303894866944, -44.09785039699995 -22.5771809256695, -44.09744542499993 -22.57891004266956, -44.09148737099997 -22.57819671166956, -44.09196043899993 -22.58256406366961, -44.09045880699994 -22.58308042966965, -44.09573750499993 -22.58914113966976, -44.09684894899993 -22.59626998466995, -44.08762110799995 -22.60442707967015, -44.09102852699993 -22.60645432967021, -44.08879343699993 -22.61429127867036, -44.08884014999995 -22.6200089446705, -44.09063110999995 -22.62125566467052, -44.08880627899998 -22.62185463067056, -44.08727097499996 -22.62562769267066, -44.08986782399995 -22.62958040267071, -44.08731914699995 -22.63723359167092, -44.08794192499993 -22.63889650667097, -44.08560585499998 -22.64322615367103, -44.08535001899996 -22.64665828167108, -44.08766826299996 -22.64858639667115, -44.09399752699994 -22.64926266867118, -44.11630066299994 -22.64362698267104, -44.14828737799996 -22.64879173967116, -44.14714997799997 -22.65276455767126, -44.16561282799994 -22.67344554967173, -44.17144975299994 -22.65942844767143, -44.17519104299998 -22.65575421467133, -44.18110626699995 -22.65432257667133, -44.19012675199997 -22.64858398367121, -44.19106016499995 -22.64505829467109, -44.18916123299993 -22.64245695967104, -44.18616366099996 -22.641417535671, -44.18427629299998 -22.63729913867089, -44.18977926599995 -22.63318413367077, -44.19120539499994 -22.62993490667073, -44.19850254699998 -22.63049046067076, -44.20436776799993 -22.62634375167067, -44.20258336699992 -22.62286198467055, -44.20435104199999 -22.61882339567046, -44.20394578999998 -22.61597102367038, -44.20742593899996 -22.61202166767033, -44.21003388699994 -22.61560733967041, -44.21489888399997 -22.61420258067041, -44.21638787299997 -22.61711586967045, -44.21936403699993 -22.61753662767042, -44.22443510899995 -22.61153446467027, -44.22440042699997 -22.60795558567023, -44.22636905799992 -22.60456002767013, -44.23263828899996 -22.60915460167024, -44.23809496499996 -22.60754930867018, -44.24193313499995 -22.60929993667026, -44.24560615099995 -22.60641965767019, -44.24823539599998 -22.60648571867016, -44.24935844099996 -22.60727845667022, -44.24897528499997 -22.60959060667029, -44.25338818899996 -22.6124708856703, -44.26033785299995 -22.60959060667029, -44.26431475199996 -22.60410750667011, -44.26792170699996 -22.6021586946701, -44.26873561099995 -22.59877425366998, -44.27204394099994 -22.60206620867007, -44.27444197199998 -22.6016863546701, -44.28333384199993 -22.60438166167012, -44.28336026699998 -22.60806789067026, -44.28569058399994 -22.60973098067024, -44.29527775099995 -22.60170617367009, -44.29542969299995 -22.59846255667001, -44.29915555799993 -22.59958229767, -44.30423898599997 -22.59909674666999, -44.31326297999993 -22.59576724966993, -44.31475596799998 -22.59761696966996, -44.31698884499997 -22.59728005666995, -44.32751903899998 -22.58818339566975, -44.33305498899995 -22.59105046266982, -44.34186758499992 -22.58946498766977, -44.34166959199997 -22.58686332166972, -44.34428127599994 -22.58472587366971, -44.34448138099997 -22.5806159906696, -44.34719142699998 -22.57545971766945, -44.34660007599996 -22.57361081766944, -44.34343908499993 -22.5725003476694, -44.34185303399993 -22.57370664666944, -44.33737690399993 -22.57334082566942, -44.33508857899994 -22.5713894506694, -44.32830452099994 -22.5731657716694, -44.32952332299993 -22.56899935166932, -44.32675853699993 -22.5691449796693, -44.32747767099994 -22.56553575666927, -44.32444682599998 -22.56473628166922, -44.32392609099996 -22.56195112366918, -44.32715793899995 -22.55598678366906, -44.32399174499994 -22.55197376066892, -44.32160912099993 -22.55232290366892, -44.32040320599997 -22.54542013966876, -44.32163652299993 -22.54359698466874, -44.32148120099998 -22.53908538766861, -44.32568073699997 -22.53409955566852, -44.32361348999996 -22.52768582166837, -44.32479480699993 -22.52692456566834, -44.32427405999994 -22.52493772966826, -44.32848602099994 -22.5200147936682, -44.32784982199995 -22.51855913166816, -44.32397726299997 -22.51867181566815, -44.32487049399997 -22.51394157566802, -44.32031432899997 -22.512024128668, -44.31875883999992 -22.50774056366792, -44.32318783799996 -22.49947474366769, -44.33207384599995 -22.49378700566756, -44.32990561999996 -22.49185147666755, -44.32939013099996 -22.48763180566747, -44.33116155999994 -22.48355592966735, -44.33464967499997 -22.48032787666725, -44.33253133499994 -22.47614335566719, -44.33437921099993 -22.47420657266712, -44.33932511499994 -22.47257055066707, -44.33318994099994 -22.46716170166695, -44.32718575099995 -22.46829910666699, -44.32313971099995 -22.46728376666699, -44.31910461799998 -22.46957761566699, -44.31358079299996 -22.46278988166684, -44.31094638999997 -22.45300218766666, -44.30719846299997 -22.45233602566662)))"
3300456.0,Belford Roxo,33,RJ,"MULTIPOLYGON (((-43.43011403399998 -22.73284696067313, -43.43408414799995 -22.7245424726729, -43.42982788999996 -22.72069361367286, -43.42721440199994 -22.71535416367274, -43.43156031099993 -22.70260615167241, -43.42267073999994 -22.70385746567242, -43.41705949199996 -22.70007622967236, -43.41024649299993 -22.69977593067231, -43.40797714399997 -22.69438637867222, -43.40238108499994 -22.69548826067223, -43.39578122499994 -22.69345558267221, -43.39422418799995 -22.69139317067216, -43.39101249899994 -22.69184059167219, -43.38691981099998 -22.68996175367214, -43.38430903299995 -22.69212925467217, -43.38136403399994 -22.68892671067213, -43.38039116999993 -22.68923337467211, -43.38109966899998 -22.69075611967214, -43.37823391099992 -22.69075283567214, -43.37637004299995 -22.69311939667218, -43.37030298499997 -22.69425631767221, -43.36759888199998 -22.68710729367204, -43.36534931299996 -22.68510782467199, -43.35179057799996 -22.69685272467226, -43.34815939099996 -22.69851510367235, -43.34067309599993 -22.69443672467222, -43.33519796599995 -22.69651047167228, -43.32857075599998 -22.69502373767222, -43.32623367599996 -22.69852935667231, -43.32709499399993 -22.70562288667248, -43.31978499399997 -22.70939837867256, -43.32795675599994 -22.72742097667301, -43.32929030799993 -22.75590265067363, -43.38515360699995 -22.7664558386739, -43.39714225899996 -22.77759454167412, -43.41599422899998 -22.76499095167387, -43.41391403199998 -22.75562764667361, -43.41515042899993 -22.75366930767359, -43.42235108099993 -22.74996320067353, -43.43011403399998 -22.73284696067313)))"
3300506.0,Bom Jardim,33,RJ,"MULTIPOLYGON (((-42.50182015599995 -22.14946580565952, -42.46359724399996 -22.12888575365905, -42.46890121799998 -22.12435960865892, -42.46944439899993 -22.12041480165885, -42.47177407199996 -22.11714222065874, -42.47123395299996 -22.11327031365862, -42.46734746799995 -22.1113048836586, -42.46418489899997 -22.11360200765865, -42.45549824499994 -22.1152924506587, -42.45425596499994 -22.11745001065876, -42.44564279099995 -22.11712350765876, -42.43958988599996 -22.12262396965887, -42.43390069999998 -22.1197308726588, -42.42754494499997 -22.11419524165867, -42.42350115799997 -22.11467931465866, -42.42308461299996 -22.11905113565879, -42.42083205199997 -22.11643665565873, -42.41844873499996 -22.11737096565875, -42.41231547799998 -22.11636073065871, -42.40736122299995 -22.12013274865881, -42.40384535999993 -22.11843911565877, -42.40167190399995 -22.12002657965881, -42.39660866299993 -22.11969073865883, -42.39185500599996 -22.12321816365888, -42.39377308499996 -22.12825791365901, -42.38786701299995 -22.13014085965902, -42.38549825399997 -22.12730852365898, -42.37812841899994 -22.12413887665892, -42.37808583899994 -22.12117469265883, -42.37548516199996 -22.11717986365872, -42.36797476199995 -22.1143117056587, -42.36593720799993 -22.11607001865872, -42.36219331099993 -22.11530059165868, -42.36097843699996 -22.11368042165867, -42.35665721499998 -22.11296599065865, -42.35561673999995 -22.11119258365857, -42.34813086099995 -22.10787974265853, -42.34333961599997 -22.11290494265863, -42.34273985599997 -22.12431465765892, -42.33710189199996 -22.12353723965891, -42.33419889499992 -22.1253765566589, -42.33073815799997 -22.12152696865885, -42.32821977499997 -22.12208792365888, -42.32592577899993 -22.11955915165882, -42.32424898599992 -22.11998309065881, -42.32433975799994 -22.11470124565866, -42.31595082699993 -22.10951426865855, -42.31076177099993 -22.11112587565863, -42.30903846599994 -22.11719875465876, -42.30484546999996 -22.11795005765876, -42.30056368599998 -22.12196666965886, -42.29835554399995 -22.11712730765874, -42.29536278599993 -22.11463102965867, -42.28914371499995 -22.11567557365872, -42.28369283599993 -22.12202163165884, -42.27880761299997 -22.12368365965888, -42.27706773199997 -22.13188505265911, -42.27865327899996 -22.13354536565914, -42.27983123799999 -22.14171093465932, -42.28361251899997 -22.14231879265935, -42.29099882399998 -22.13965529565928, -42.29463086799995 -22.14302869365935, -42.29458134499998 -22.14672744365946, -42.29761931999997 -22.15126874765956, -42.29655190199997 -22.15383012765959, -42.29422506599996 -22.15487054365963, -42.29370449399994 -22.15893251165971, -42.29172472099998 -22.16021497765977, -42.29390195899998 -22.16509500765984, -42.29218204299996 -22.17036406366, -42.28566397799994 -22.17515896166013, -42.28213480699997 -22.18138108566026, -42.28277152699996 -22.18346980666031, -42.28046780199997 -22.1872295026604, -42.28057014899996 -22.19059351566045, -42.27803568999997 -22.19330636866055, -42.28279239699997 -22.19410968166051, -42.28517959899994 -22.19591946666061, -42.28290381999994 -22.19830664166063, -42.28608149199993 -22.20082692066069, -42.27979054399997 -22.20892525266091, -42.27396855099994 -22.2082176106609, -42.27230003699997 -22.21158615266095, -42.26512804899993 -22.21677373566109, -42.25660446899997 -22.21621766666108, -42.25033233799995 -22.22201703566122, -42.24384985699993 -22.22173022266121, -42.23831063199997 -22.22499843566132, -42.23346126299999 -22.22465689066127, -42.23347332099996 -22.22649462766133, -42.23714562999993 -22.22824223766136, -42.24006996699995 -22.23524766666153, -42.24234968899997 -22.23486507866149, -42.25026349099994 -22.23735661466158, -42.24768874299996 -22.24495003666178, -42.24858948199994 -22.24812945566183, -42.25166153499998 -22.24909575466185, -42.25382759799993 -22.25158843166193, -42.25200235499995 -22.25635983066201, -42.26005248799998 -22.25872109166206, -42.26071786799996 -22.26238277866217, -42.26459405399999 -22.26635136266226, -42.27100242199997 -22.2672321466623, -42.27395137299993 -22.27049137666233, -42.28072754999994 -22.27189354266236, -42.28182077799994 -22.2732990456624, -42.28028388399996 -22.27582677566244, -42.28152150699998 -22.27831599066252, -42.28954176799993 -22.27970061166257, -42.29284378399995 -22.28190705866261, -42.29485597999995 -22.28582644766273, -42.29309266899997 -22.2884861836628, -42.28565608999997 -22.28864427266278, -42.28754142099996 -22.29216444466289, -42.29348785499997 -22.29384613466292, -42.29527665099994 -22.29593531766293, -42.30482617599994 -22.29303333966291, -42.31868774399992 -22.29859445766303, -42.33472276999998 -22.299217425663, -42.34364928099995 -22.30424242766315, -42.34878275199997 -22.30230147666311, -42.35195951299994 -22.29934777566302, -42.35864238899995 -22.30168695866308, -42.47454153799998 -22.22400710966125, -42.47505256299996 -22.22207947866122, -42.47298104999992 -22.22227369466122, -42.47187299099993 -22.22047628066118, -42.47195463899993 -22.21113162666094, -42.47894259199995 -22.20382560366074, -42.48549007999998 -22.20017496266069, -42.48455130099995 -22.19625720966059, -42.48567420299997 -22.19377683366055, -42.52211426999997 -22.15994791365974, -42.50182015599995 -22.14946580565952)))"
3300605.0,Bom Jesus Do Itabapoana,33,RJ,"MULTIPOLYGON (((-41.81182110299994 -21.12078455763487, -41.81864262999994 -21.12438740863495, -41.82034853099998 -21.12230068263486, -41.82986365899995 -21.12189944363489, -41.82915368899995 -21.11826769363477, -41.82506423699994 -21.11654090163472, -41.82347349599996 -21.1108289436346, -41.81793261899997 -21.10850153063454, -41.81611097699993 -21.10386563963441, -41.82512036599996 -21.10083852763437, -41.82960473299994 -21.09423723563423, -41.83099602099998 -21.08800775763404, -41.83901286899992 -21.0820494866339, -41.83945702799996 -21.07431284963372, -41.84172256699998 -21.07460819263374, -41.84264364699993 -21.07345344463366, -41.84221545699995 -21.07014921263358, -41.84648463399997 -21.07072817263364, -41.84602965199996 -21.06721404563354, -41.85059637999996 -21.06227242163339, -41.84916302099997 -21.05950304963334, -41.84470356199996 -21.05925900063332, -41.84205400999997 -21.05828289063328, -41.84172147799995 -21.05668281863327, -41.83770461799998 -21.05567933563329, -41.83815764899999 -21.05090055063312, -41.83604330599996 -21.0489833386331, -41.83570116099996 -21.04405273263297, -41.83162001599992 -21.04015653063285, -41.82990044599995 -21.03541782663275, -41.82196838599997 -21.02976514463263, -41.81893342199993 -21.02352692863248, -41.81512572599996 -21.01989783063236, -41.81296020199994 -21.0135975776322, -41.81033555599998 -21.01324747263221, -41.80731559099996 -21.01050439663211, -41.80700673899996 -21.0088867656321, -41.80945005399996 -21.00646115763203, -41.80804665099998 -21.004400770632, -41.80828780599995 -20.99867429663183, -41.80558455399995 -20.99492733863177, -41.80197966599997 -20.99478493563173, -41.80319377199992 -20.99238095563169, -41.80253300099996 -20.98861661863165, -41.80103628099994 -20.98710916463157, -41.79728501699998 -20.9877342176316, -41.79372887799996 -20.98414777963149, -41.79512346099994 -20.98063382463141, -41.79450793899996 -20.97698476463132, -41.79117144699994 -20.97546583363127, -41.79104973899996 -20.96840230563111, -41.78952438199997 -20.96604500663105, -41.79382446199998 -20.96151511763096, -41.79617196499998 -20.96267415163094, -41.79933845199997 -20.96143919563095, -41.80021128199996 -20.95726123163084, -41.80492099099995 -20.95648529463082, -41.80638363699995 -20.95788579363086, -41.80840546299999 -20.95652094863081, -41.80992162699993 -20.94901741363066, -41.81293641799994 -20.94429677063052, -41.80241560299993 -20.93106204063022, -41.80147182299991 -20.9270560646301, -41.79767502899994 -20.92422247463005, -41.79826439699995 -20.92231259562997, -41.79121360799996 -20.91719618762984, -41.79116612299998 -20.91400321062979, -41.78619170999996 -20.90844891262969, -41.78410328999995 -20.90351648662951, -41.77947566799998 -20.90246308762949, -41.77719951299997 -20.89973865562946, -41.77725748399995 -20.89636588062936, -41.76653728299993 -20.8854862206291, -41.76030375999994 -20.88215147462901, -41.75490881499996 -20.87446750662883, -41.74790714199997 -20.86987865062873, -41.74071455099993 -20.8731990566288, -41.73707023899993 -20.87002488262869, -41.73304861999998 -20.8692552946287, -41.73034757799996 -20.8709741396287, -41.72800886999993 -20.8690965856287, -41.72747285399998 -20.86382026962857, -41.72540365199995 -20.8657157906286, -41.72044026099996 -20.86430537962859, -41.71872740499998 -20.86794370162863, -41.71236211899998 -20.86809748262863, -41.71146035099996 -20.87195889862875, -41.71569696699997 -20.87182457862876, -41.71669648999993 -20.87444874462881, -41.71923152899996 -20.87525592062884, -41.71727806499995 -20.8779633126289, -41.72155308599997 -20.88092813762896, -41.71993308599997 -20.88392546462904, -41.72180231699996 -20.88553890662909, -41.72355349099996 -20.88439769162904, -41.72318292399995 -20.88759505962917, -41.72634093999994 -20.89238947262923, -41.72565883499993 -20.89513756962931, -41.71974288399997 -20.89681659762935, -41.71848361199994 -20.89914493862941, -41.72236791299996 -20.92325279062999, -41.72560964499996 -20.92113135462996, -41.72643932099993 -20.92294811563, -41.73311936099998 -20.92700467363009, -41.73727757899996 -20.92764414763014, -41.73743170899996 -20.93084151663016, -41.73359486699996 -20.93979086763041, -41.73389000899993 -20.94313580663046, -41.73095170899995 -20.94697264863056, -41.72573753899996 -20.9506979926307, -41.71740554099995 -20.95304488063072, -41.71802174499993 -20.96503554163104, -41.71644104899996 -20.97426668363125, -41.71162751899993 -20.9805924416314, -41.71001407899995 -20.99103366463164, -41.71589033599997 -20.99147423463167, -41.71746805499998 -20.99382592863177, -41.71747239499995 -20.99929876163189, -41.72059960399996 -20.99971822363188, -41.72142147599993 -21.00201332863196, -41.72187580899998 -21.01088781063213, -41.71454533799994 -21.01540834663226, -41.71580429999995 -21.01775615263231, -41.71550339699996 -21.02247376163245, -41.71736069599996 -21.02220052763241, -41.71765122399994 -21.02423421863247, -41.71966762099999 -21.02353902863246, -41.72101649799998 -21.02612610463253, -41.72279078899993 -21.02443482063248, -41.72520147399995 -21.03307800663274, -41.72152837899994 -21.04016133763289, -41.72178542099993 -21.04314928263294, -41.71922491299994 -21.044974059633, -41.71745159799997 -21.044708783633, -41.71618891699995 -21.04705101763302, -41.71903236299993 -21.05397320863321, -41.72323539099995 -21.05563784863325, -41.72680570499994 -21.0525571346332, -41.72792425199997 -21.04925045163312, -41.72934785799998 -21.04962706663312, -41.73276752599998 -21.0660531466335, -41.72692998799992 -21.06720182363352, -41.72610896599996 -21.06587990363348, -41.72316006799997 -21.06711143563354, -41.72183061499993 -21.06824128263359, -41.72156321799996 -21.07329922663369, -41.72551956299997 -21.08196514663391, -41.73127047999998 -21.08731308563402, -41.73205007399996 -21.09251037763412, -41.73453573499995 -21.09552330063423, -41.73362298099994 -21.09815262363431, -41.73615925999997 -21.10100153963438, -41.73594072999997 -21.1025983866344, -41.72828404899997 -21.10728308863451, -41.72328851399993 -21.10363574663443, -41.71920782499995 -21.10692196563451, -41.71630680399995 -21.10482745263442, -41.71456137599995 -21.1062960186345, -41.70703798099998 -21.10723493863453, -41.70517217899992 -21.11156841463464, -41.71055291099998 -21.11111099163463, -41.71863002799995 -21.11684080963472, -41.71799204399996 -21.11882698563479, -41.72055601699997 -21.12236599063486, -41.71658366499997 -21.12543553663495, -41.71229086099998 -21.12511181663495, -41.71162424199996 -21.12645871763496, -41.70494346799996 -21.12779487263503, -41.70414899699995 -21.12667539163496, -41.70560552599994 -21.12489385163494, -41.70572652499992 -21.12082283563484, -41.69415792799997 -21.11537224263473, -41.69089578399996 -21.11723804463477, -41.68842810999995 -21.12217339163486, -41.68216864599998 -21.12092149963484, -41.67766183899993 -21.12408838363493, -41.67682402599996 -21.127024477635, -41.67911806199993 -21.13043113163508, -41.67840054299996 -21.13350292763513, -41.67544722999997 -21.13351318263513, -41.67267111199993 -21.12802358463501, -41.66315307499996 -21.12470155363496, -41.66188557199995 -21.12697632763502, -41.66536438999997 -21.13198389963515, -41.65733684199994 -21.13625744963525, -41.65481959899996 -21.13548679263518, -41.65268897399994 -21.13735259463524, -41.65408531599996 -21.14216756763537, -41.64630913499997 -21.14285369963535, -41.64502112899998 -21.14485191463543, -41.63939674099998 -21.14619337663542, -41.63190032799996 -21.14426208063543, -41.62803763599993 -21.1446788286354, -41.62198148399995 -21.14695846563549, -41.62152406199993 -21.14914927663552, -41.61497569799996 -21.1519419626356, -41.61258951799993 -21.15700094363572, -41.58656735799996 -21.14954651363554, -41.58614604799993 -21.15968203063577, -41.58389504799993 -21.16476182763591, -41.57823745499996 -21.16974532463603, -41.57223077599996 -21.16972124963606, -41.56981125199996 -21.17242967163613, -41.57011218799994 -21.17930304563625, -41.56462311899997 -21.18374485863636, -41.56171006099998 -21.17724464463618, -41.55572745699994 -21.1723815226361, -41.55423577799996 -21.17376053063615, -41.55466816299997 -21.17558347963617, -41.55153842999994 -21.17612516363618, -41.54828832399993 -21.18329947363639, -41.53043681099995 -21.18002529163627, -41.52097538999993 -21.18701903963646, -41.51839937899996 -21.18641716863641, -41.51707526199993 -21.18771721063647, -41.51481222399996 -21.18445506663639, -41.51498074799997 -21.17896599763629, -41.51155007999994 -21.17583626563614, -41.50561562599994 -21.17612516363618, -41.50314795199995 -21.17746131863619, -41.50237755699994 -21.18264945163636, -41.49951264799995 -21.18337169763633, -41.49826075499993 -21.1851291626364, -41.49661162699993 -21.1849606386364, -41.49495046099997 -21.18213184263631, -41.49310873399997 -21.18302261263634, -41.48694556899994 -21.17978454263627, -41.48208244599994 -21.18428654263636, -41.47892929499994 -21.18258869663637, -41.48051757999997 -21.18912559063649, -41.47913327499998 -21.19363962763665, -41.47290992199997 -21.19859904963673, -41.47169002899994 -21.20274260863681, -41.46962964599993 -21.20279326763684, -41.47005315699993 -21.23141353863756, -41.47240973699996 -21.2330657186376, -41.47927433999995 -21.23399894763761, -41.47950492399997 -21.23558982863763, -41.48211163299992 -21.23505108263758, -41.48461308899993 -21.2385123826377, -41.48806770499993 -21.23921292663769, -41.49038649399995 -21.24292123363781, -41.49617802899996 -21.24501942063785, -41.49662213999994 -21.24866092763794, -41.49823181899995 -21.24890144363797, -41.49807959399993 -21.25254130763803, -41.49959446599996 -21.25391842763808, -41.49911176699993 -21.25600334063813, -41.50260788799994 -21.26018034963822, -41.50167225399996 -21.26162877163825, -41.50638615099995 -21.2635726956383, -41.50661899399994 -21.26512717663837, -41.51197437199993 -21.2641879256383, -41.51442472099995 -21.26124685163826, -41.52461359399995 -21.2676003796384, -41.52531887999992 -21.27293930963857, -41.52395266199994 -21.2744512716386, -41.52865013699993 -21.27621851363862, -41.52806198399998 -21.27721203163866, -41.52974117599994 -21.27835414263867, -41.53287357099997 -21.27828889263868, -41.53575369799995 -21.28133735063873, -41.53707295499999 -21.27969779763873, -41.53988249699994 -21.28148893063875, -41.55353966599994 -21.29636938163914, -41.56338365799996 -21.29965415463917, -41.56668934999993 -21.30311433763926, -41.57228020499996 -21.30367969763928, -41.57485491499994 -21.30608405763936, -41.58452444299996 -21.30960300863944, -41.58739523599996 -21.31219409063946, -41.58572903599998 -21.31316546163955, -41.58507153599993 -21.31738290663964, -41.59090167599993 -21.31060606063944, -41.58813236099996 -21.30340955563931, -41.59252552999993 -21.30237999363923, -41.59576501899993 -21.29836841863914, -41.60136008199999 -21.2969748156391, -41.60088360799995 -21.29451562163907, -41.60574600699993 -21.292446299639, -41.60551576599994 -21.28862225463893, -41.60929172799996 -21.2840658176388, -41.60667450699998 -21.28082821663875, -41.60854864299996 -21.27747500863866, -41.61274008599997 -21.27726935963864, -41.61533813599993 -21.2753152336386, -41.61944304399998 -21.27625994663867, -41.61990863899995 -21.26887076263844, -41.62420346199996 -21.26483944063834, -41.62612073599996 -21.26367736563833, -41.63108777399998 -21.26401946663834, -41.63792919999997 -21.26112012563824, -41.63476263099994 -21.25796916263815, -41.63141486799997 -21.25756122663816, -41.62957255999998 -21.25461821463809, -41.63569135999995 -21.25139563363803, -41.63648538699994 -21.24783492663792, -41.63914504499995 -21.24690194963789, -41.63948760399995 -21.24547027163786, -41.64196105299993 -21.24496926263783, -41.64554677799998 -21.2472345926379, -41.65494760699993 -21.24381536163786, -41.66089520699996 -21.24509718863784, -41.66526245999996 -21.24769676963793, -41.67360062099993 -21.249917377638, -41.68212352099993 -21.25717566163818, -41.68822157999995 -21.2454588286379, -41.69133172499994 -21.24270369563779, -41.69395128599996 -21.2430140126378, -41.69480023399995 -21.23946246663775, -41.69913790899994 -21.23800982963771, -41.69878538599993 -21.23262946063756, -41.70074199199995 -21.23122203163754, -41.70119361499995 -21.22574875663742, -41.70351776699994 -21.22504209463738, -41.70364060599996 -21.22219794163729, -41.70560749399994 -21.2220493806373, -41.70559673499998 -21.21972594863725, -41.71185915899996 -21.22118993663731, -41.71459437299995 -21.22031097463728, -41.72028727299994 -21.22453859063735, -41.72247087399995 -21.22202700863728, -41.72766782899998 -21.22118359563729, -41.72512059199994 -21.21262667963709, -41.72274079399995 -21.21142719163702, -41.71866340099995 -21.20425469363686, -41.71729735399997 -21.19613973963666, -41.72154874399997 -21.18809217163647, -41.71991276599994 -21.18297216163636, -41.72629621199996 -21.18200125263633, -41.72743283199997 -21.18056079263629, -41.72579434599992 -21.17831249663623, -41.72834610699994 -21.17506574263616, -41.72635880899996 -21.17345595863614, -41.72614733899997 -21.17071573663609, -41.73148880799994 -21.16810190363603, -41.74628241899995 -21.169383698636, -41.74875874899993 -21.17022530263604, -41.74972874199994 -21.17231655663609, -41.75398363699998 -21.17372716263615, -41.75603280899997 -21.1765912766362, -41.76313079699997 -21.17675251163621, -41.76425704899997 -21.17536170463617, -41.76402271599994 -21.17007895963606, -41.76629009199996 -21.16777171563598, -41.76468680999994 -21.1647108996359, -41.76691206299995 -21.16197380963584, -41.76383207999992 -21.15606608463572, -41.76421775999994 -21.15299746863563, -41.77223056499997 -21.14841973463551, -41.78685705399993 -21.14861414063552, -41.79487660799997 -21.1441475506354, -41.80341596299996 -21.1434586866354, -41.80424431299996 -21.14278209263537, -41.80243528099993 -21.14070193663534, -41.80351685199997 -21.13685203263526, -41.79996534099995 -21.13366928863517, -41.79800116499996 -21.12212253663488, -41.80591427899996 -21.11765146163478, -41.81182110299994 -21.12078455763487)))"
3300704.0,Cabo Frio,33,RJ,"MULTIPOLYGON (((-41.98376349999995 -22.89097623367675, -41.97927945999992 -22.89157928167678, -41.98004482899994 -22.89931726367695, -41.97629202699994 -22.89956703867693, -41.97710434099997 -22.90103125267698, -41.98122083499992 -22.89977835767695, -41.98082365799996 -22.90264079967706, -41.98340286299997 -22.900078406677, -41.98199666899995 -22.89776617467693, -41.98449708599997 -22.89501767967688, -41.98672246899996 -22.89520627167685, -41.98645286999994 -22.8938008346768, -41.98904937099996 -22.89220145867678, -41.98565878999994 -22.89281896767682, -41.98376349999995 -22.89097623367675)), ((-41.93949306299992 -22.87704692367645, -41.94031833499997 -22.87880087767646, -41.94198987799994 -22.8799760146765, -41.94284123199998 -22.87783920867646, -41.93949306299992 -22.87704692367645)), ((-41.90316565499995 -22.85032489667584, -41.90285036099993 -22.85045277367584, -41.90283918299997 -22.85080357967582, -41.90350099299996 -22.85050092767579, -41.90316565499995 -22.85032489667584)), ((-41.88989967599996 -22.8442374676757, -41.88901108899995 -22.84468735667568, -41.89185073199996 -22.84643896967573, -41.89357143599994 -22.8458083636757, -41.89074562499997 -22.84322004567564, -41.88989967599996 -22.8442374676757)), ((-41.90322139299996 -22.85149524967588, -41.90407293799996 -22.85504729567593, -41.90270620899997 -22.85731002867599, -41.90415756699996 -22.85998525067604, -41.90931551999995 -22.85884083467604, -41.90953404099998 -22.8627826076761, -41.91182948799996 -22.86157027267606, -41.91262024499996 -22.8623667056761, -41.91293591699997 -22.86108407667605, -41.91003983499996 -22.85754137467599, -41.90775415999996 -22.85770342967601, -41.90651864099992 -22.85636895767598, -41.90620774299998 -22.85244376167588, -41.90322139299996 -22.85149524967588)), ((-41.95912086099997 -22.88406953667661, -41.95985307899997 -22.88345064967657, -41.95893693799996 -22.88178860667652, -41.95809852199994 -22.88241431967656, -41.95912086099997 -22.88406953667661)), ((-41.92014951399995 -22.86346055367614, -41.91832080099993 -22.86406943867613, -41.91973255799995 -22.86558346267617, -41.92117450399996 -22.86454210167613, -41.92014951399995 -22.86346055367614)), ((-41.92207066599996 -22.86345862467614, -41.92140185999994 -22.86415234267615, -41.92316830599997 -22.86484811467619, -41.92480446499997 -22.86432186367611, -41.92207066599996 -22.86345862467614)), ((-41.96086425699996 -22.88545185367664, -41.96094429199997 -22.88378985767659, -41.96047639099993 -22.8831468746766, -41.96049979999998 -22.88511055967661, -41.96086425699996 -22.88545185367664)), ((-41.93656841199998 -22.86263991067608, -41.93499597699997 -22.86460456167614, -41.93982577099995 -22.86788422567623, -41.93803102899994 -22.86895049967623, -41.94022076499993 -22.87349727467634, -41.94582152799995 -22.87566413367637, -41.94597302399995 -22.87412607967638, -41.94812746499997 -22.87382569767637, -41.94692232199998 -22.87015386767626, -41.95012803199995 -22.86987945567625, -41.94552475499995 -22.86376019767615, -41.93656841199998 -22.86263991067608)), ((-41.94980557799994 -22.87134543467633, -41.95186168899994 -22.87469071367639, -41.95393570699996 -22.87588012667642, -41.95336190699992 -22.8724439996763, -41.94960156399997 -22.8705113616763, -41.94980557799994 -22.87134543467633)), ((-41.93819300699994 -22.8703671526763, -41.93850755099994 -22.87017617267627, -41.93821016899994 -22.86977982067628, -41.93796261899995 -22.87000413267628, -41.93819300699994 -22.8703671526763)), ((-42.13189516699998 -22.6533646276713, -42.18248958899994 -22.55269446166891, -42.17897218499996 -22.55116852466889, -42.17974796399994 -22.54977352866887, -42.17669376699996 -22.54571913366881, -42.17153025499994 -22.54882460466884, -42.16960555299993 -22.54685227066879, -42.16562330999995 -22.54799890566882, -42.16589129199998 -22.54566523766879, -42.16479922199994 -22.54520216566878, -42.16338164399996 -22.5467389406688, -42.16024920099994 -22.54501642366875, -42.15651959899999 -22.54785516666884, -42.15632060999995 -22.5460818176688, -42.15471306599994 -22.54619742566878, -42.15039349399995 -22.54889875266886, -42.15208836699997 -22.55041366566889, -42.15140941899994 -22.55173297166894, -42.15388886299996 -22.55098387566886, -42.15263726199998 -22.55668675366904, -42.15123051899997 -22.55672854566902, -42.14910495499998 -22.55577141166902, -42.14678354099993 -22.5516936026689, -42.14460939599996 -22.55162086866888, -42.14396351699997 -22.54821273366883, -42.14108134499997 -22.54863941766885, -42.14352609199995 -22.5435965636687, -42.14711690399997 -22.54308004966872, -42.14735137199995 -22.54105299766867, -42.14535656899994 -22.54035228366864, -42.14035429699992 -22.54206550966868, -42.13855588299997 -22.54018787866866, -42.13384485599994 -22.54237154766871, -42.13122212899997 -22.54643931766881, -42.13061891599994 -22.55246787766895, -42.13382374999998 -22.55482153366899, -42.12717814199993 -22.55770712466903, -42.12280980699995 -22.55406040366896, -42.12120483799998 -22.55500708266902, -42.12053393999997 -22.55937142266909, -42.12151447299993 -22.56189781866918, -42.12480532399996 -22.56368087166921, -42.12439043799996 -22.56464634266921, -42.11818449499997 -22.56671531266923, -42.11458505699994 -22.56590606266926, -42.11063533799995 -22.56723992466931, -42.10756921499994 -22.56518652466923, -42.10604365499995 -22.56034723466911, -42.10092725199995 -22.56490269766926, -42.09772029099997 -22.56162170366916, -42.09366445799998 -22.56180651166913, -42.09126166299995 -22.56499421466923, -42.09380677999997 -22.57142171366938, -42.08793616499997 -22.57256108666941, -42.08414052699992 -22.56915191566934, -42.08066944599994 -22.57503962166948, -42.07698858599997 -22.57331754566942, -42.07287857299997 -22.56749718466926, -42.06960158499992 -22.56890019966928, -42.06493482799993 -22.56867003066932, -42.06343500299994 -22.57274615266943, -42.06191230299997 -22.57313626966945, -42.06043393999994 -22.57100212266939, -42.06059071599998 -22.56534032166924, -42.06274326699997 -22.55996583466913, -42.05485271599997 -22.5631128726692, -42.04911280499994 -22.56129946766917, -42.04142406099993 -22.56894686666934, -42.03855870099993 -22.56695576866927, -42.03724170899994 -22.56064910266914, -42.03481766199996 -22.55972891866911, -42.03239285699993 -22.56164101866912, -42.02984601899993 -22.57089183366938, -42.02066964699998 -22.56896643566929, -42.02168590799993 -22.57620324266949, -42.02034078499997 -22.57794633266951, -42.01736937699997 -22.5780395326695, -42.01461476999997 -22.57551037066947, -42.01321976999998 -22.57157371066938, -42.01077219599995 -22.57180713466941, -42.00412032199994 -22.58493914566971, -41.99742682399994 -22.57482037566945, -41.99518213199997 -22.57485572966949, -41.99142546599995 -22.57839442366953, -41.99094100599995 -22.58052275466959, -41.99633257199997 -22.59255085666984, -41.99498184699995 -22.59581377066992, -41.99181448499997 -22.59592228366994, -41.99090428499995 -22.59738135666998, -41.99445304199997 -22.59866692867, -41.99629172499994 -22.60224511267008, -41.99951132999995 -22.62892129267074, -41.99753913299998 -22.66779877867161, -41.99409064599995 -22.68929650567212, -41.98857840899995 -22.7089765296726, -41.98126181799994 -22.72302224467288, -41.97345566899997 -22.72956689067303, -42.00756291199996 -22.77587183367408, -42.00993325199993 -22.77691800167412, -42.00136601399998 -22.79584206467455, -41.96941663699994 -22.82276086567518, -41.97276648699994 -22.82526948267524, -41.97831305699998 -22.83306481567541, -41.98637351299993 -22.85267045267585, -41.98663291299993 -22.85838677767601, -41.98416861799994 -22.86475541567615, -41.98183020799996 -22.8669812896762, -41.97771414999993 -22.86504151667618, -41.97820624599994 -22.86789109467623, -41.98035773599997 -22.86851479867625, -41.98213538499993 -22.86726739267623, -41.98315390799995 -22.86849953967626, -41.98228034299995 -22.87139870967629, -41.97958716599992 -22.87085511567626, -41.97969397699995 -22.87342049867638, -41.98398932599997 -22.87324883767635, -41.98968085599995 -22.88274934067658, -41.99193534099992 -22.88181092567657, -41.99865350199995 -22.88471357367661, -42.00141867899998 -22.88985612167676, -42.00419196399997 -22.88961770467671, -42.00586480499993 -22.88586209467662, -42.00850182799996 -22.88554046367661, -42.00742379599996 -22.88398697267659, -42.01160461799996 -22.88266875967655, -42.01552248099995 -22.88461604167663, -42.02359334899995 -22.8920070506768, -42.03148901599997 -22.90308631767707, -42.03495541399997 -22.9115215706772, -42.03734299499995 -22.92169943067744, -42.03728547299994 -22.93313082267773, -42.08848847799992 -22.93276603467771, -42.10350239699994 -22.92612840767757, -42.11146581199995 -22.92030628467739, -42.12219058999994 -22.90829307267711, -42.11536681399996 -22.90906087667716, -42.11271334299993 -22.90774988567712, -42.10992918499993 -22.90382606267703, -42.10489698599997 -22.89114600867677, -42.10435056599993 -22.88437075067661, -42.10887006199993 -22.86963591067626, -42.09955938299998 -22.8619976996761, -42.08402630999995 -22.86525585867617, -42.07432205499997 -22.85955585467603, -42.06064701299994 -22.86594309867618, -42.05725935399994 -22.8658420716762, -42.05371263199997 -22.86292474867612, -42.04625201599998 -22.86758328967624, -42.04119747399994 -22.86573406667617, -42.03980534399994 -22.85908371567599, -42.03814261699994 -22.85809500267602, -42.02499814299994 -22.79640741567459, -42.13189516699998 -22.6533646276713)))"
3300803.0,Cachoeiras De Macacu,33,RJ,"MULTIPOLYGON (((-42.86969458799996 -22.4382838756663, -42.86885553399998 -22.43192627666614, -42.85738265199996 -22.42628735266602, -42.85486477999995 -22.42707607766605, -42.85068352099994 -22.42584146466599, -42.85197445699998 -22.42104416566587, -42.85064986999998 -22.41751269666579, -42.85228811899997 -22.41684949466577, -42.83999820599995 -22.41133342966566, -42.83686830499993 -22.41301814466571, -42.82700584299995 -22.41294793266567, -42.82233746899993 -22.40892230166559, -42.82177913599998 -22.40608853166555, -42.81053786899997 -22.40523164266548, -42.80871103699997 -22.40046842166542, -42.81109006399998 -22.39776640766534, -42.81156646899995 -22.39297805666522, -42.81517664799997 -22.39150029066517, -42.81308296699995 -22.38895344666512, -42.80229863099999 -22.38704698366505, -42.80341255499996 -22.37868736466491, -42.79598449099995 -22.37741653466486, -42.79348774399995 -22.37544534266483, -42.79006669299997 -22.37834402366488, -42.78703461699996 -22.37782981566484, -42.78038746499993 -22.381501417665, -42.77475532399995 -22.38069609766492, -42.77016203399995 -22.38430016566501, -42.76760509099994 -22.38438876366501, -42.76311145799997 -22.37795965366487, -42.76010773399997 -22.37681317966486, -42.75580513499995 -22.37766110066486, -42.75178917999994 -22.37348546766477, -42.74588965199995 -22.37374868166476, -42.73900975999992 -22.37049561366468, -42.74002607099992 -22.36100293266449, -42.72803401899995 -22.35547540566433, -42.72573219199995 -22.35662202566439, -42.72108154099993 -22.35572048166433, -42.71607663899993 -22.35706068366434, -42.71562416199998 -22.35990666866444, -42.71052307099995 -22.36154977666447, -42.70827128399998 -22.36533917266458, -42.71117740499994 -22.37127367366473, -42.70992587899997 -22.37494455166478, -42.71092506999997 -22.37764250766488, -42.70844582199993 -22.37649475666482, -42.70701324499999 -22.37954841766492, -42.70266421999997 -22.37873715466488, -42.70201116299996 -22.38036613566496, -42.69974449199998 -22.38097772266494, -42.69964345299996 -22.38438765066503, -42.69735589499993 -22.384079171665, -42.69355106199999 -22.38909180866511, -42.68787020099995 -22.38983118866515, -42.68678408799997 -22.39215563166522, -42.68415275899996 -22.39341446666523, -42.67943847699996 -22.39242773366524, -42.67465925999994 -22.38893937266515, -42.66844134099996 -22.38950920566516, -42.66207181499993 -22.38541395366506, -42.65904920399998 -22.38582954066507, -42.65445832499994 -22.38749307866511, -42.65606553599997 -22.39260857266523, -42.65343294899996 -22.39262086166521, -42.65357246899998 -22.39509714166527, -42.65078164499993 -22.39613574466527, -42.64202747999997 -22.39476137166526, -42.64119462699994 -22.39243323966522, -42.63184979499993 -22.39289972466521, -42.63065870699995 -22.39128420466516, -42.62567511199995 -22.39077516366515, -42.62477903399997 -22.38836471966514, -42.61616183599995 -22.38544536666503, -42.61176124299993 -22.38201101566494, -42.60933754799998 -22.37390701966475, -42.59494935599997 -22.36775120466462, -42.59385086899993 -22.36435514566453, -42.58795348999995 -22.35693571566437, -42.58460486599995 -22.35528813766432, -42.57304892299994 -22.35949244066443, -42.56436609799993 -22.35942477166444, -42.56139095499998 -22.36131918766447, -42.56278135399998 -22.36386559466454, -42.56078082499993 -22.36409118466454, -42.55627234799994 -22.36905491066463, -42.55672505699994 -22.37143675166475, -42.55480977799993 -22.37349961966478, -42.55770723199998 -22.3777089096649, -42.55227432999993 -22.37820301566485, -42.55432517199995 -22.38146315666492, -42.55107563099995 -22.38653048266507, -42.55710054599995 -22.3962900996653, -42.55825556699995 -22.40158034366545, -42.55802032699994 -22.40345239366546, -42.55540081099996 -22.40500968066553, -42.55889430699995 -22.41175934566566, -42.55692644299994 -22.41180451166566, -42.55497614199993 -22.41399709866573, -42.55696966599993 -22.41627949366574, -42.55623152799996 -22.42397105366594, -42.55793268999997 -22.42427967666596, -42.55985999799997 -22.42754353266602, -42.56262252299996 -22.42768365866606, -42.56504440799995 -22.4336976796662, -42.57429972499993 -22.43825864066628, -42.57568231799996 -22.4404994846663, -42.57219647399994 -22.44120093166635, -42.57255228999997 -22.44729260666651, -42.57120238299996 -22.44895958566654, -42.56438352099997 -22.44802542466653, -42.56290358199993 -22.44668765366649, -42.56101589699994 -22.44721373766651, -42.55233579399992 -22.45187755766656, -42.55046703299995 -22.45674267566667, -42.55345562199994 -22.46653692966697, -42.56337254499993 -22.46757986866699, -42.56324879099997 -22.47219996166706, -42.56741476099995 -22.47972655566723, -42.56572560799998 -22.48413467166732, -42.56706976999993 -22.48591418166738, -42.57184199499994 -22.48705196266742, -42.57813951199994 -22.49409010266758, -42.57906594899998 -22.49882589266769, -42.57799826199994 -22.50207905066777, -42.58612141099997 -22.51488382566807, -42.58609515699993 -22.51791334066812, -42.58842318099993 -22.52224938066823, -42.58750729599995 -22.52368681066828, -42.59253884899993 -22.52667798166835, -42.59123488799997 -22.5289130946684, -42.59317636199995 -22.53372561466849, -42.59614650399993 -22.53527494266853, -42.59882185099997 -22.54020536266863, -42.60335989399993 -22.54070955866865, -42.56456465899998 -22.6201257876705, -42.56539180499993 -22.62141983467052, -42.57150654199994 -22.62611622367062, -42.57550337299995 -22.6234740556706, -42.57878375399996 -22.62379496867062, -42.58461458699997 -22.62510409567065, -42.59056844999998 -22.62846633167073, -42.60485593299995 -22.64201670867102, -42.61207396299994 -22.64552567567107, -42.61352911599993 -22.6499357336712, -42.61897124399997 -22.65141293467124, -42.62002366299999 -22.65408555567128, -42.62252516899996 -22.65426653067132, -42.62593385499996 -22.65719314867139, -42.63235770499993 -22.65293233167123, -42.63341463699992 -22.65013040067122, -42.63740649899996 -22.64846701667114, -42.63877988999996 -22.64487009867109, -42.63742086399996 -22.64341736667102, -42.64024371899995 -22.64320814067103, -42.64136187399998 -22.64102573367098, -42.64593611299993 -22.64480516067108, -42.64843292699992 -22.64205769367103, -42.65395898899992 -22.64337608667103, -42.65647220899996 -22.64177414867103, -42.66282701799997 -22.64415781867105, -42.66800558399994 -22.63673359867091, -42.67282799599995 -22.63778189067089, -42.67506230799995 -22.64081139767096, -42.68648574599996 -22.640531304671, -42.68835746799994 -22.64237258767103, -42.69311230699998 -22.64258966967103, -42.69294996299993 -22.64695087667111, -42.69082649099994 -22.64796210067117, -42.69264464499997 -22.65013231867123, -42.69084203599993 -22.65407323667127, -42.69383825499994 -22.65560770567135, -42.69294220799997 -22.65665926467131, -42.69553054999994 -22.65644749267133, -42.69902392299996 -22.65870599667143, -42.70061449099995 -22.66093685967143, -42.69889843699997 -22.66335821467152, -42.70391379099992 -22.6635736446715, -42.70925702099998 -22.67035830167168, -42.71427490399997 -22.6702893656717, -42.71671500699995 -22.67502046867177, -42.72259824499997 -22.67739176867184, -42.72866549799993 -22.67700236367178, -42.73528642399999 -22.67905905467184, -42.73779799699997 -22.68316376567198, -42.74722203699997 -22.68653258367206, -42.78396717099997 -22.64022906567099, -42.78989376399995 -22.63455206467083, -42.79771567799997 -22.63878643467093, -42.80292361899995 -22.63555230967085, -42.82468894499993 -22.63908650767095, -42.84518697599997 -22.6361812266709, -42.85523330499994 -22.64089164567099, -42.87954281499998 -22.64540618667109, -42.88831763499996 -22.64978577767122, -42.90686999299993 -22.65527031167135, -42.90457426999995 -22.65251483167127, -42.89928328299993 -22.63851628867092, -42.90318202499997 -22.62548339067062, -42.91069833099993 -22.61929901767048, -42.90713269099996 -22.60119351967004, -42.88759340399997 -22.59217826966983, -42.88333541399992 -22.58231556766962, -42.87533010799994 -22.57649573366947, -42.86558349599994 -22.57162477666939, -42.86547646599996 -22.56823670466932, -42.87086712199994 -22.5593153186691, -42.87481966899998 -22.55702097066903, -42.87589907799997 -22.55383871566894, -42.88581773399994 -22.54802274066886, -42.88722785399995 -22.54118652166866, -42.89125179699993 -22.53776081666858, -42.89100610099996 -22.53443898966853, -42.89279242399993 -22.53064756766844, -42.89201283699997 -22.5254169296683, -42.89873094899996 -22.51987447666815, -42.89854351899992 -22.5180735726681, -42.89556115299996 -22.51822957666813, -42.89425125099996 -22.51568597466808, -42.89171719399996 -22.5156336896681, -42.88812551699993 -22.51215700366803, -42.88936099599994 -22.51108586766798, -42.88838310799997 -22.50837069166794, -42.88944998999994 -22.50485804366783, -42.89127631299992 -22.50262214766778, -42.89391529399994 -22.5041257736678, -42.89500640199998 -22.50175102966774, -42.90211490799992 -22.50089185066775, -42.90700773599995 -22.49737615866765, -42.91556054599993 -22.48127003266728, -42.92140293699997 -22.47616281466716, -42.92298144099993 -22.46949467566701, -42.92068144999996 -22.45610651466667, -42.91818864699996 -22.45100654866659, -42.91255724499996 -22.45637180666667, -42.90578828899992 -22.45478287966663, -42.90205170399997 -22.45629552866669, -42.90164004499996 -22.45767417966676, -42.89873090399993 -22.45745789566672, -42.89774602199998 -22.45903228066679, -42.89409518999997 -22.4573280516667, -42.89024844599992 -22.45870887566677, -42.89035497099996 -22.45509757366663, -42.88528710999998 -22.45356562666663, -42.88024407599993 -22.44881401566654, -42.87380897799994 -22.44937742966656, -42.87156453599993 -22.44610284866646, -42.87485468199998 -22.44260005566639, -42.86969458799996 -22.4382838756663)))"
3300902.0,Cambuci,33,RJ,"MULTIPOLYGON (((-41.91603157799995 -21.41251370164192, -41.91506487299994 -21.41021470164187, -41.90383457199994 -21.40100623064163, -41.90063997699997 -21.39544150964152, -41.89784917099995 -21.39403763264145, -41.90102843899996 -21.38815168864131, -41.89981687999994 -21.38188766964121, -41.89435577499995 -21.38171764364117, -41.89265380299997 -21.37951496364112, -41.89049021699999 -21.37965833564111, -41.88730774899994 -21.37705963364104, -41.88412091199996 -21.37767544464108, -41.88219683599993 -21.37289697864099, -41.87692107299995 -21.37142413164093, -41.87332576499994 -21.36708515864082, -41.86801985799996 -21.36609777164079, -41.86407741499993 -21.36042602764067, -41.86446081599995 -21.35592808664056, -41.86145504999995 -21.35214963864048, -41.85846854699998 -21.35088951764041, -41.85785853199997 -21.34769944764037, -41.85532263899995 -21.34520212464032, -41.84083247899997 -21.34291238264024, -41.83914928799992 -21.34010595764014, -41.83521121599994 -21.33833636264011, -41.82972847099995 -21.33845109264012, -41.82490359199994 -21.33126466363994, -41.81601492999993 -21.32752095863987, -41.77870433199996 -21.39013707264139, -41.78085650299993 -21.39453390464148, -41.78638898899992 -21.39643425364151, -41.78819318999995 -21.39784147564157, -41.78780368699995 -21.39929309164159, -41.78508240499997 -21.40129440664168, -41.78118348199995 -21.40049946164166, -41.70996116799995 -21.45630542264298, -41.82498398499995 -21.48226945264362, -41.81575483299997 -21.49147260664382, -41.81682326599996 -21.49424028164391, -41.81990028399996 -21.4957231416439, -41.82109733299995 -21.49795994664401, -41.81986427799995 -21.50106636064409, -41.82579112399997 -21.50644624264422, -41.82409259699994 -21.50839714464422, -41.82363253999995 -21.51290466164431, -41.82903241499996 -21.51481037564441, -41.82980892999995 -21.51654559864441, -41.83257530099996 -21.51600296464441, -41.83293060699998 -21.51975490864452, -41.83790433599994 -21.52263405264457, -41.83956209099994 -21.52681628664465, -41.84211415199996 -21.52759690264471, -41.84311559299992 -21.53033505864475, -41.85121397799997 -21.53635480064492, -41.85359514799995 -21.54114793064502, -41.86098761599992 -21.54560171164513, -41.87068650899994 -21.5557119676454, -41.87342579899996 -21.56152650864548, -41.87098724899994 -21.57211586864577, -41.86856345299997 -21.57371642164583, -41.87819665899997 -21.57927458064594, -41.88468341299995 -21.58004116864598, -41.89580262099997 -21.57490775264582, -41.89986364599996 -21.57535971264585, -41.91948169099993 -21.58573939364612, -41.92362315899992 -21.58611394864608, -41.93410580899995 -21.59306924364626, -41.93696391099996 -21.59732298364638, -41.95562015999996 -21.60842331664665, -41.96132057699998 -21.61337358464672, -41.97281719299996 -21.61873399764685, -41.98188944099996 -21.62679112764705, -41.99744087899995 -21.63524204964728, -42.00932589499996 -21.63990584464738, -42.01527464799995 -21.63741849164732, -42.01739006799993 -21.6307969956472, -42.02205938399992 -21.62855581264711, -42.03903546399993 -21.63190118164717, -42.04057667099993 -21.63414316564726, -42.04539155599996 -21.63285154464722, -42.05162860399997 -21.63605530864733, -42.06171045299993 -21.63711807764735, -42.06833796299996 -21.63327451664726, -42.07406998599998 -21.63333919264722, -42.07613497799996 -21.62746265064707, -42.07936262799994 -21.62599319964704, -42.08512345699994 -21.62723671964707, -42.08720613399998 -21.62978238164712, -42.09125242099997 -21.62903746564712, -42.09265593099996 -21.62591368164704, -42.09546802999994 -21.62430628564698, -42.09629867499996 -21.62107989164695, -42.10064807599998 -21.6195445666469, -42.10417494899996 -21.61611853464682, -42.10727216299995 -21.61613114364683, -42.11646575299994 -21.61172426564674, -42.11570558099992 -21.60531466064657, -42.11983221299993 -21.60151784964647, -42.11574397599998 -21.60117898364646, -42.11223944199998 -21.60555482564658, -42.10941815799998 -21.60351910664654, -42.10958288999995 -21.60199178364649, -42.10528615799995 -21.60204485064651, -42.09201143799992 -21.58659765964611, -42.08645575299994 -21.58512147764609, -42.08686661199994 -21.5783272646459, -42.07741798299998 -21.57516360164581, -42.07644647699993 -21.57191949964574, -42.06525289499996 -21.5596704256455, -42.06036139299994 -21.54950649964522, -42.05330668099997 -21.54591311564514, -42.05152220699994 -21.53568170364488, -42.05477002699996 -21.52635537064468, -42.04647407299995 -21.52009630764453, -42.04291006399995 -21.52055955064454, -42.03894304299995 -21.51340511364437, -42.03663253799994 -21.51301574864432, -42.03003724699993 -21.50689201264421, -42.02074777599995 -21.50560456364418, -42.01639785299993 -21.50379207264413, -42.01603665699997 -21.50148878064403, -42.01322302199997 -21.50105576864407, -42.01005589299994 -21.49757445064397, -42.00238337099994 -21.49625430364394, -41.99863858499997 -21.48909524264378, -41.97402516599993 -21.47471212364342, -41.96974144699993 -21.47005363764334, -41.97137745899993 -21.46743251864325, -41.97049578899998 -21.46516217564317, -41.96733054399992 -21.46004175864305, -41.96129608199993 -21.45509147764292, -41.95898688499993 -21.44671643264275, -41.95201382399995 -21.43701945964251, -41.95022975099994 -21.4322920056424, -41.94155285599992 -21.42749814564229, -41.93910085999994 -21.4234058316422, -41.93104342699996 -21.4203926346421, -41.92309257799996 -21.41483668164195, -41.91603157799995 -21.41251370164192)))"
3300936.0,Carapebus,33,RJ,"MULTIPOLYGON (((-41.75255915699994 -22.16350481565982, -41.69368481799994 -22.10830992665852, -41.58716516099998 -22.13366957065912, -41.58358362699993 -22.13622216465917, -41.57372857999995 -22.13859693165925, -41.56890796299996 -22.14581786065943, -41.56889607199997 -22.14862165165946, -41.56372170699996 -22.14958431565952, -41.55415208399995 -22.15855508965971, -41.54999466299994 -22.16976356465995, -41.55101386599994 -22.17548296266008, -41.54746938899996 -22.17876611066021, -41.54793111099996 -22.18277135566027, -41.54215221199996 -22.18912085666042, -41.53920982399995 -22.18920911866043, -41.53847000599995 -22.1930980836605, -41.54010413899992 -22.19798759566066, -41.54864415999997 -22.19981485266071, -41.55354141199996 -22.20305989366075, -41.54689281299994 -22.21996062966117, -41.54634548299998 -22.22532897966132, -41.54191567799995 -22.22615908166128, -41.53910354599997 -22.23005380366143, -41.54311569399994 -22.2330899436615, -41.54330023999994 -22.2351148356615, -41.65042075399997 -22.27940919266255, -41.68911614099994 -22.30002904666306, -41.69070691499996 -22.29388410066289, -41.69315769499997 -22.29200072066287, -41.69645424399994 -22.28486547066266, -41.69854894599995 -22.28367048066265, -41.69794090399996 -22.28187891366262, -41.70334723199994 -22.27963485666258, -41.70533438899997 -22.27651313566248, -41.70519355999995 -22.27152831466239, -41.70837983899997 -22.26658026966228, -41.70569120099997 -22.25764790866204, -41.77111850499995 -22.18088100866025, -41.75255915699994 -22.16350481565982)))"
3300951.0,Comendador Levy Gasparian,33,RJ,"MULTIPOLYGON (((-43.34666620499996 -22.00639555365612, -43.34669882899993 -22.0037623566561, -43.34275125199996 -22.00344033265607, -43.34017324199993 -22.0101753836562, -43.33701473399997 -22.00919005265619, -43.33087971499997 -22.01090665565621, -43.32501917699994 -22.00655488865617, -43.31994505899996 -22.00555544065611, -43.31623557099993 -22.00766965665615, -43.31692749599995 -22.01660702165638, -43.30996914099995 -22.01617045165635, -43.30224330599997 -22.02100843665644, -43.29797643399996 -22.02045105265645, -43.29492773999993 -22.01649323965635, -43.28258109799997 -22.01351258065629, -43.27879472999995 -22.01053345865622, -43.27639221199995 -22.01197496865626, -43.26844076199995 -22.01216922565628, -43.26514842699999 -22.0090150666562, -43.26153503999995 -22.00803483965615, -43.25479636499994 -22.01199594965629, -43.25096396099997 -22.01078332065625, -43.24865793299994 -22.00782860765616, -43.24546699999996 -22.00657410865612, -43.23419331899998 -22.01415040365633, -43.23631517299998 -22.01868881165641, -43.23637587199993 -22.02381457765653, -43.23126331299994 -22.02475636165657, -43.22151162799996 -22.03376091565678, -43.20747466799997 -22.02968347065668, -43.20401362799998 -22.02596260065658, -43.20133754899995 -22.02583269265656, -43.20212938199995 -22.02956464465666, -43.20472029399996 -22.03225222165675, -43.20500410499994 -22.03530319265681, -43.20294772999995 -22.03743716965685, -43.19768572099996 -22.03500070165681, -43.19185105999997 -22.03417800765679, -43.18929029099996 -22.03120984265671, -43.17764876299997 -22.02856879065665, -43.16957435899996 -22.02181047865649, -43.16406099899996 -22.0226641596565, -43.16206907599996 -22.02554533465659, -43.16403885399994 -22.02724215065661, -43.16339298599996 -22.02852268365664, -43.15363897099997 -22.03297947765676, -43.14702293899995 -22.0309519846567, -43.14415764499994 -22.03373119165677, -43.13612311199995 -22.02969853965669, -43.13233759799993 -22.03019981765672, -43.12962378199995 -22.02881698165669, -43.12835276599997 -22.02973007265667, -43.12954982699995 -22.0345778596568, -43.14063097099994 -22.03986843665692, -43.14175708599998 -22.04487854965704, -43.14435488099997 -22.04658622965708, -43.14434953799996 -22.04793420665715, -43.14633484899996 -22.04578669465707, -43.21521963299995 -22.07096225465763, -43.25882074599997 -22.10332796865845, -43.25385472699997 -22.0562024916573, -43.26158272599996 -22.0598420376574, -43.26527131899996 -22.06313919265745, -43.26777263199995 -22.07242355465768, -43.27003788599995 -22.07507681565772, -43.27329158299995 -22.07622954565777, -43.28181850399994 -22.07322175065772, -43.28053197799994 -22.07040333965762, -43.28333845699995 -22.06680496865753, -43.28615719099997 -22.0689085936576, -43.29350101299996 -22.06854189465759, -43.29613313999993 -22.06724873165756, -43.29603295299995 -22.06562023365752, -43.29947919599993 -22.06282204665747, -43.30354038999996 -22.06551899965751, -43.30579721599997 -22.0638869796575, -43.31097692899993 -22.06709270365757, -43.31254601599993 -22.06522975865748, -43.31720790099996 -22.06496845065755, -43.32003739099996 -22.06315342965746, -43.32151996299996 -22.05974218165737, -43.32767916699999 -22.06020976765738, -43.33257577499995 -22.05733295865734, -43.33556002199997 -22.0520808416572, -43.33969399399996 -22.04999317265717, -43.34387623899994 -22.0514992446572, -43.34605116899997 -22.05603677065729, -43.34666620499996 -22.00639555365612)))"
3301009.0,Campos Dos Goytacazes,33,RJ,"MULTIPOLYGON (((-41.11638950699994 -22.08167143965788, -41.11663739499994 -22.08147235965791, -41.11638950699994 -22.08121202665788, -41.11629035199996 -22.08147235965791, -41.11638950699994 -22.08167143965788)), ((-41.22341968699993 -22.09773259665828, -41.22879872499993 -22.09548268565824, -41.24339608899994 -22.09926902765831, -41.25011004699996 -22.0975692906583, -41.25340759299996 -22.09917034365834, -41.25729850999993 -22.09895790165831, -41.27103039799993 -22.07901933865787, -41.27767197399994 -22.06532378865752, -41.43762890399994 -21.98658534265566, -41.51798887499995 -22.0171744776564, -41.52319592499997 -22.0223699856565, -41.53954918199997 -22.05001554765713, -41.54632337499992 -22.05499549565727, -41.55126670499993 -22.05545321065727, -41.57356912699998 -22.0510267906572, -41.58074502599992 -22.05142093565718, -41.59383007899993 -22.04728490465711, -41.60570087399997 -22.0482038116571, -41.61697263299992 -22.04594175965707, -41.62963624599995 -22.05005646765714, -41.64771025199996 -22.05152767065716, -41.66457719999994 -22.05736186865731, -41.70182940699993 -22.05112322265717, -41.71816749099997 -22.06060180365739, -41.73461801399997 -22.07635824065775, -41.73702784499994 -22.0805961766579, -41.73736604999993 -22.08436715065795, -41.74011749899994 -22.08643533765802, -41.75045347999998 -22.08639711865804, -41.75450581199993 -22.08178182965792, -41.75323090699993 -22.07750179365782, -41.75495172599994 -22.07402080265773, -41.75513088499996 -22.06876870465763, -41.76238204399993 -22.06349811065748, -41.75890178399993 -22.05471137765726, -41.76211062099996 -22.04951846265716, -41.76674251399993 -22.04720179065711, -41.76362391399993 -22.04415826765701, -41.76469756899996 -22.04052349465694, -41.76308438599995 -22.03800289065689, -41.76461646599994 -22.03389919465679, -41.76767226899995 -22.03014281965665, -41.77211758999994 -22.02785186365665, -41.77291686199992 -22.02475853565654, -41.77631884999993 -22.02194552465647, -41.78774118799998 -22.02081737165646, -41.79274334799993 -22.02485160065659, -41.78892072199994 -22.01873574965643, -41.78324176399997 -22.01411634965631, -41.76850424999997 -22.01025383265619, -41.76411113499994 -22.00771302965614, -41.76434833199994 -22.0139206176563, -41.76212007299994 -22.01946286565645, -41.75706584399995 -22.01603931465634, -41.75362753899997 -22.01538745365633, -41.74782704499994 -22.00921179965618, -41.74574190999993 -22.01068603265624, -41.74176949699995 -22.00854553665615, -41.74006475899994 -22.00377720865609, -41.73482765599994 -22.00461561065611, -41.73138509899997 -21.9963345776559, -41.72289847999996 -21.99299598165583, -41.71781727499996 -21.98550466265565, -41.71690767699993 -21.98148221865552, -41.72061318599997 -21.96807874465522, -41.71339908399995 -21.96148932665503, -41.72102304499998 -21.94488903265466, -41.71871158299995 -21.93403205265441, -41.71605264999994 -21.93078766965435, -41.71394955799997 -21.92374240865417, -41.71609773399996 -21.91138846165386, -41.71278936199997 -21.90591313165377, -41.71032180599997 -21.90490700965371, -41.71228954599996 -21.90120900465362, -41.70952454199994 -21.90035809265363, -41.70958863199996 -21.89454054065349, -41.70708788899997 -21.89236495165341, -41.70267554599997 -21.89142741765336, -41.70327775999993 -21.88980881465334, -41.71237522899997 -21.8907034136534, -41.72046473299997 -21.88655876465329, -41.72386181599995 -21.89006861265336, -41.72659505099994 -21.88802272165333, -41.72867101299995 -21.88980450165335, -41.73047602999997 -21.88960285965338, -41.73118148299994 -21.88784357065335, -41.73240730299995 -21.88852039265334, -41.73311399499994 -21.88742611165332, -41.73533543599994 -21.88924031965334, -41.73813709599994 -21.88854863765331, -41.73831143499996 -21.88978616265336, -41.73898503599997 -21.88880985465332, -41.74012527699995 -21.89031041565335, -41.74071949899997 -21.88876481565332, -41.75209547999998 -21.8899202516534, -41.75770643099997 -21.88863355665334, -41.76011485599997 -21.89018699465338, -41.76189201199997 -21.88912068565335, -41.76314353099997 -21.89033592865338, -41.77071858499994 -21.89004415765339, -41.77143213099998 -21.89118055665336, -41.77305813499999 -21.88973510765338, -41.77574444999993 -21.89034643365334, -41.77698457099995 -21.88874605765331, -41.77967559999995 -21.88921190565337, -41.77955881199994 -21.88777326565333, -41.78223971199996 -21.88663677965329, -41.78457931099995 -21.88707707765329, -41.78483796799997 -21.88890038465333, -41.78595031299994 -21.88759927865334, -41.78885372599996 -21.88836802365331, -41.78781697299996 -21.88696556765329, -41.78972676399996 -21.8871872196533, -41.78889212099994 -21.88591223365326, -41.79103258299994 -21.88388415765322, -41.78735704099995 -21.88175110365317, -41.79650113599995 -21.8789631176531, -41.79678523199993 -21.87683327265303, -41.80770541099997 -21.87927462965311, -41.80915299299993 -21.88086292965313, -41.81475674499995 -21.87940125765308, -41.82622685199993 -21.88345727865324, -41.82931840499998 -21.88574360365328, -41.84110235799994 -21.88786880765332, -41.84423809499997 -21.88685862565327, -41.84898652599998 -21.88757641465333, -41.85006086299995 -21.88601561965329, -41.85576310699997 -21.88488980765327, -41.86667608899995 -21.88499937765321, -41.88796509799993 -21.87979739965313, -41.88833736199995 -21.87760016965307, -41.88265250299997 -21.87269319265292, -41.88829489499994 -21.86661639065278, -41.88789387099995 -21.86240850265269, -41.88471927099993 -21.8582610406526, -41.87490045899995 -21.85339006965248, -41.87178475999996 -21.85040143365242, -41.85816831499994 -21.84462135165228, -41.85020344399992 -21.8372140066521, -41.84250501799994 -21.83625246065209, -41.83736786099995 -21.83309050065203, -41.83918409599994 -21.82686863565188, -41.83546832999997 -21.82446022665178, -41.83449450899996 -21.82081511465172, -41.83060171499994 -21.81766746465164, -41.82586621099995 -21.8174715936516, -41.81625718099996 -21.80966812965143, -41.81495701199997 -21.8063941926514, -41.81073806299997 -21.80481632165135, -41.81029849699996 -21.79962917965123, -41.80866741399995 -21.79766286065114, -41.79746736499992 -21.79590616265111, -41.79578529999998 -21.79430151665108, -41.79478071399996 -21.79173456865104, -41.79587997199997 -21.78383947065085, -41.79335102699996 -21.78422570265084, -41.78862703399994 -21.7816348306508, -41.78694181699995 -21.78366579565082, -41.77749249399994 -21.78473924565088, -41.77659299099997 -21.78829290465093, -41.77404554599997 -21.78950073065095, -41.76579683499993 -21.7874449206509, -41.76275659199995 -21.78907015965094, -41.75905585899994 -21.78820754265094, -41.75633639599994 -21.78976639865094, -41.74718311699996 -21.78879629865098, -41.74600221699995 -21.78757996165092, -41.74924471799994 -21.78617668365089, -41.75167977299997 -21.78115405565075, -41.74790303999998 -21.77929216565074, -41.73745219799996 -21.76646013165044, -41.73433430199997 -21.76466537865036, -41.73430708699993 -21.76281882465034, -41.73237690599995 -21.76421556165037, -41.72953559499996 -21.76316782565037, -41.72267242699996 -21.75606702765019, -41.71887794399998 -21.75417820265012, -41.71463788899995 -21.75458550565014, -41.70922562699996 -21.75164035165005, -41.70420777999993 -21.74791415864998, -41.70221112199993 -21.74174518464985, -41.69772244599994 -21.73923885664973, -41.69977434599997 -21.73631057564968, -41.69861347999994 -21.7312117546496, -41.70046391899995 -21.72574298864947, -41.69536473999993 -21.71897478264929, -41.69601453399997 -21.71441362264916, -41.69128829499994 -21.71013105264907, -41.68795278699997 -21.71113646964908, -41.68346434099993 -21.70824947064903, -41.68163395599998 -21.70268299864889, -41.67733432199998 -21.70323360164891, -41.66980204599997 -21.69857637464881, -41.66565051799995 -21.69819450864882, -41.66304552799993 -21.69438223564872, -41.65543311099997 -21.69393393664868, -41.65279282599993 -21.68950361364857, -41.64906996799993 -21.68750990464855, -41.64840942499995 -21.68102376664838, -41.63950555599997 -21.67040486864809, -41.63634179399997 -21.66924446164808, -41.63407388799993 -21.67143157964814, -41.63030299499997 -21.67008912364812, -41.61686994599994 -21.67094815464814, -41.61221509899997 -21.66475523664799, -41.60425226899997 -21.66528557564796, -41.59422856899994 -21.66287951664795, -41.59120663899994 -21.66414739764799, -41.58929134199996 -21.65832870964782, -41.58426031199996 -21.65704030864783, -41.58203777999995 -21.65323571164774, -41.57805051999997 -21.65301858664771, -41.57681437799994 -21.65016296864764, -41.57520511799999 -21.64984184764763, -41.57596558299996 -21.64651572164756, -41.56980921699994 -21.64037844364743, -41.56516399099996 -21.64122025964743, -41.56355209899992 -21.6432342406475, -41.56127503999993 -21.6395798496474, -41.55927694799993 -21.63882349764738, -41.55600506499997 -21.64059148464742, -41.55557097199994 -21.63680007464732, -41.55307200999993 -21.63372266864726, -41.55333443399996 -21.63028003364717, -41.54979794499996 -21.62816262164712, -41.54722105199994 -21.62888765964711, -41.54135441299997 -21.62701783064707, -41.53813561199996 -21.62186590164698, -41.53029028899994 -21.62504472664703, -41.52189122799995 -21.63429989864723, -41.51670202199995 -21.6366234566473, -41.51367648999996 -21.64301261964745, -41.50962491699993 -21.64593056264751, -41.50936029399998 -21.64995206764764, -41.49428181999996 -21.665062340648, -41.49337241699993 -21.67027300064811, -41.48997978099993 -21.67489481664822, -41.42725248799996 -21.61651995864683, -41.42766942299993 -21.61391707764675, -41.42538325199995 -21.61118922364668, -41.40949092199997 -21.60903963464665, -41.40568218499993 -21.60568484764658, -41.40269384299994 -21.6020829436465, -41.40156829699998 -21.59756733564636, -41.40253421699997 -21.59541137464633, -41.40051403899997 -21.59131527564621, -41.40059948899993 -21.58200241564602, -41.39668205599997 -21.58063298764595, -41.38703430199995 -21.56924517664573, -41.38622858999997 -21.56643405864565, -41.38033849799995 -21.56276174264554, -41.37900116199995 -21.56054221964548, -41.36480700899994 -21.55654448064537, -41.36010466099998 -21.5441690646451, -41.36391742799997 -21.53645980464491, -41.36471745299996 -21.53150765264478, -41.37359926199996 -21.51747657564442, -41.37303376099992 -21.5056973736442, -41.37509558499994 -21.49983617964402, -41.38262622299992 -21.49272366364383, -41.38238201299998 -21.48974230964379, -41.38552030999995 -21.48854999664376, -41.38758485699997 -21.48471173564366, -41.38891832499996 -21.4851342626437, -41.39071834499998 -21.48224240864358, -41.38989224199997 -21.47895596464353, -41.39525426399996 -21.47885113064353, -41.39844755099994 -21.47201185864337, -41.40012027799997 -21.47196871964337, -41.40581876899994 -21.46671515564325, -41.40864441099996 -21.46754002664323, -41.41276205799993 -21.46507838864316, -41.41317595299994 -21.46224144064313, -41.41116594599997 -21.45971847664309, -41.41293425599997 -21.45922475764306, -41.41203386099993 -21.45732930964297, -41.41312709599998 -21.45437990964294, -41.41190683799994 -21.4532103816429, -41.41333727299996 -21.45155302764284, -41.41123912999995 -21.44938616364279, -41.41352977599995 -21.44686014764273, -41.41365534599998 -21.44393725764267, -41.41234856499993 -21.44353073164267, -41.41371998099998 -21.43739641864252, -41.41490586599997 -21.43798040364256, -41.41590302399992 -21.43454703364244, -41.42218438899994 -21.43104244064235, -41.42498440199994 -21.42693596164229, -41.42434585599994 -21.42455021964221, -41.42699147799992 -21.42251442564217, -41.42715353799996 -21.4207906256421, -41.42901108799998 -21.42038065464207, -41.43085487699994 -21.41735177364203, -41.43074775199995 -21.41421423364194, -41.43213434499995 -21.41409562164195, -41.43435103299998 -21.4106550116419, -41.44296550399997 -21.41094663764186, -41.44874244999993 -21.40527694664176, -41.44789483299996 -21.40230369364168, -41.44945355699997 -21.39858510064157, -41.55086596399997 -21.42966950364234, -41.58464223699996 -21.31620961163962, -41.58593323799995 -21.31282655063951, -41.58738180699997 -21.3123734226395, -41.58102528499995 -21.30768971463936, -41.57485491499994 -21.30608405763936, -41.57228020499996 -21.30367969763928, -41.56668934999993 -21.30311433763926, -41.56338365799996 -21.29965415463917, -41.55353966599994 -21.29636938163914, -41.53988249699994 -21.28148893063875, -41.53707295499999 -21.27969779763873, -41.53575369799995 -21.28133735063873, -41.53287357099997 -21.27828889263868, -41.52974117599994 -21.27835414263867, -41.52806198399998 -21.27721203163866, -41.52865013699993 -21.27621851363862, -41.52395266199994 -21.2744512716386, -41.52531887999992 -21.27293930963857, -41.52461359399995 -21.2676003796384, -41.51442472099995 -21.26124685163826, -41.51197437199993 -21.2641879256383, -41.51004613499997 -21.2638430546383, -41.50775130899996 -21.26555039163837, -41.50517853399997 -21.2627910566383, -41.50186712099997 -21.26185160163825, -41.50260788799994 -21.26018034963822, -41.49911176699993 -21.25600334063813, -41.49959446599996 -21.25391842763808, -41.49807959399993 -21.25254130763803, -41.49823181899995 -21.24890144363797, -41.49662213999994 -21.24866092763794, -41.49617802899996 -21.24501942063785, -41.49038649399995 -21.24292123363781, -41.48806770499993 -21.23921292663769, -41.48461308899993 -21.2385123826377, -41.48211163299992 -21.23505108263758, -41.47950492399997 -21.23558982863763, -41.47927433999995 -21.23399894763761, -41.47240973699996 -21.2330657186376, -41.47005315699993 -21.23141353863756, -41.46962964599993 -21.20279326763684, -41.46035569099997 -21.20877110063699, -41.45369683099995 -21.20907243963699, -41.45023510599997 -21.21329118763713, -41.44617070199995 -21.21548140863715, -41.44035706199996 -21.21393796463711, -41.43878421799997 -21.21554020663716, -41.43586637399994 -21.21584889563715, -41.41678646099994 -21.20022335863679, -41.41251573799997 -21.20175564663685, -41.41033986999997 -21.19851263363674, -41.40614058399995 -21.20244859763682, -41.40264810899998 -21.19829088863674, -41.39253101699995 -21.20251789263683, -41.38801297399993 -21.19890068663673, -41.38488083299995 -21.20096568163679, -41.38129134399997 -21.19998169063678, -41.38033507099993 -21.19583784063667, -41.37664856899993 -21.19579626363668, -41.37537353899995 -21.20154776063685, -41.37235226999996 -21.20354346163688, -41.36994079899994 -21.20422255363688, -41.36780650899993 -21.20257332963682, -41.36292523499997 -21.20269084863686, -41.36063745099995 -21.2051003226369, -41.35734294099996 -21.20365433363687, -41.35460159599995 -21.20681616063695, -41.34949058899997 -21.20550190163688, -41.34285844899994 -21.20889707063701, -41.33683476299996 -21.20720557063692, -41.33127349999994 -21.21164727963707, -41.33286764799994 -21.21532233663712, -41.32578525299994 -21.21855930763723, -41.32312022799994 -21.21667310263717, -41.32556620899992 -21.21311973563709, -41.31618386099996 -21.21354565263708, -41.31693834299995 -21.22200315263731, -41.30991679299994 -21.21949632563726, -41.30345501999994 -21.22859878463744, -41.29720012199993 -21.23102042863752, -41.29729747399994 -21.23507272663761, -41.29174838099993 -21.23246854763753, -41.29027592399996 -21.23411137063759, -41.28664954299995 -21.23441559763761, -41.28602581799998 -21.23783373963768, -41.28460514099992 -21.23834620563771, -41.28353426299997 -21.23729966563769, -41.28436175899997 -21.23475633163764, -41.28313268399994 -21.23459813363763, -41.28086923799998 -21.23813933163769, -41.27495666399993 -21.24102380463777, -41.27487329899998 -21.24348488363781, -41.27190470899995 -21.2462870466379, -41.27319459299997 -21.2476034876379, -41.27685705999993 -21.24673456263792, -41.27641968699992 -21.24978899063797, -41.28278369099996 -21.250741607638, -41.28722046299998 -21.25630228963814, -41.29359461599994 -21.28099123763876, -41.29664977299996 -21.2833799376388, -41.29914473199995 -21.29266511663904, -41.30273279099997 -21.29537568863912, -41.30244749599995 -21.29773821063915, -41.30885416299997 -21.30167602263927, -41.31047372299997 -21.30968315263942, -41.31289488899994 -21.31168147463948, -41.30773517299996 -21.31354682763957, -41.30441728699998 -21.31123305363948, -41.29935541099996 -21.31065151063946, -41.29539047199995 -21.31584731363958, -41.28761965899997 -21.31414714663958, -41.28285407799996 -21.31476513763955, -41.27746836199996 -21.3123324256395, -41.26178854199997 -21.31459425663956, -41.24894943599998 -21.30924658163944, -41.24958885599995 -21.31155294163948, -41.24828582999992 -21.31415633763952, -41.25062806199997 -21.32138108563967, -41.25354401999993 -21.32145787363969, -41.25525096499995 -21.32495735863979, -41.25805908199992 -21.32603116863979, -41.26334840599998 -21.33183335964, -41.26458173899993 -21.3366771756401, -41.26291594099995 -21.33758592564008, -41.26286818399995 -21.33954853264019, -41.26454032499998 -21.34422162964026, -41.26786807299992 -21.34688375064035, -41.26698904699997 -21.34907294464036, -41.26943871999998 -21.35006954764043, -41.26985158499996 -21.35184820964045, -41.26867547899997 -21.35440642164053, -41.26645009299994 -21.35447800564053, -41.26545882499993 -21.35615799564053, -41.26367280899996 -21.36407484164073, -41.26009308799995 -21.36481436764076, -41.25544430599995 -21.36218826964069, -41.25321153399994 -21.36551748064078, -41.24684369299996 -21.3656501626408, -41.24381170499998 -21.36745580964086, -41.24296623099995 -21.36649946164079, -41.23697929399998 -21.37558085264102, -41.23813948199994 -21.37980024564114, -41.23720622399997 -21.38242009264119, -41.24163651099996 -21.38411612064121, -41.24310214199993 -21.38853292364135, -41.24621264399996 -21.38770076464129, -41.24956548999995 -21.38906935564135, -41.25327909699995 -21.38765960564133, -41.25726939299994 -21.38880996064135, -41.25813934899997 -21.39060020164137, -41.25570203299996 -21.39309503564142, -41.25691709599994 -21.39641668664152, -41.26276558099994 -21.3992697796416, -41.26381267499993 -21.4035771426417, -41.26672073899993 -21.40765605064179, -41.26220395799993 -21.41334367464194, -41.26236102199994 -21.41684191864199, -41.25771480399993 -21.42135642764217, -41.25787392699993 -21.43262231264244, -41.25583715699997 -21.44575311364274, -41.25857406699998 -21.45402749164296, -41.25591353599998 -21.45842564164304, -41.25849768799996 -21.46621628564322, -41.25553164099994 -21.4790415706435, -41.25677916299997 -21.48036547164357, -41.25676643299993 -21.4856483436437, -41.26148524199994 -21.48973517764377, -41.24874848899997 -21.5018517436441, -41.24655037399997 -21.500086373644, -41.24406430299995 -21.50055758264403, -41.25446736199996 -21.55631127164541, -41.24712338999996 -21.55875905664543, -41.24363868999995 -21.55862768164544, -41.24007646999996 -21.56306264864556, -41.23476783799998 -21.56354608464554, -41.23076809599996 -21.56673148864564, -41.22983277199994 -21.57141903264572, -41.22264518999997 -21.57396298664582, -41.21953971699997 -21.5789581196459, -41.20394959299994 -21.58507157664607, -41.20003337399993 -21.58791424064617, -41.19945285899996 -21.59138686464622, -41.19752336199997 -21.5929805306463, -41.18947374999994 -21.5916120606462, -41.18108987499994 -21.59206030764622, -41.18374157199997 -21.60916234264664, -41.18557547599993 -21.63643248664728, -41.19685363899998 -21.68252843664838, -41.19108635499997 -21.68375636564844, -41.18501613499995 -21.68875375164859, -41.17741460499996 -21.6891755496486, -41.17114265499999 -21.68288526064846, -41.16485236699997 -21.68159235864836, -41.16283507299994 -21.67770448364828, -41.15836951799997 -21.67464186464824, -41.15035763899994 -21.6740225956482, -41.14564222799999 -21.67635656464824, -41.14696263899998 -21.67184516264816, -41.14429430899997 -21.67284463964817, -41.13954449899995 -21.67133166964816, -41.14112165599993 -21.67731936364832, -41.13823325799995 -21.67629237864827, -41.13435092099996 -21.67794955064828, -41.13783602999995 -21.68259372164841, -41.13736705899997 -21.68456318364847, -41.14603735199995 -21.69497857664875, -41.15789178299997 -21.70361955764893, -41.16826373399993 -21.70914073164903, -41.17873094299994 -21.72166977164933, -41.18298033299993 -21.7239115746494, -41.19268898699994 -21.72497188964945, -41.19651450399994 -21.72808726764952, -41.17204422399993 -21.74872452164998, -41.17725147499993 -21.77686526265065, -41.16169249199993 -21.79503983765109, -41.14904458499995 -21.81920940765168, -41.15401897899994 -21.86109475865271, -41.15896490599993 -21.86459517765276, -41.15903026899996 -21.87076012665289, -41.15304126999995 -21.88310632065321, -41.13444072299994 -21.90026263665362, -41.12787540399994 -21.91193598865392, -40.98182580199995 -21.91106230365384, -40.98091468099994 -21.91421678065395, -40.97460517299992 -21.94832207765474, -40.97506674999993 -21.96664597765517, -40.97772940799997 -21.98134400565555, -40.98184546799996 -21.99441315865582, -40.98772391699998 -22.00637795765609, -41.00463065399998 -22.02156808165648, -41.07107886599993 -22.05469109865729, -41.12323340599993 -22.08417489265796, -41.13287696199995 -22.09084107765811, -41.13424262199993 -22.09310128565814, -41.13265570799995 -22.09533097565824, -41.14265134399995 -22.08963383265808, -41.14389146799994 -22.09226642465814, -41.14134749299996 -22.09451148065819, -41.14436652799997 -22.09679879665828, -41.14517556999993 -22.09941668565829, -41.14826216399996 -22.09527628565823, -41.14880517399996 -22.09854599565827, -41.15201392699998 -22.0991522806583, -41.15294477199994 -22.0978144316583, -41.15138630899997 -22.09508130665822, -41.15568495499997 -22.09668180065824, -41.15791185499995 -22.09343506965817, -41.16117347899995 -22.09774749365826, -41.15999505799994 -22.10182234665837, -41.16668058199997 -22.09955553965832, -41.16677048499997 -22.09783516465827, -41.17502976399993 -22.09747834965828, -41.17625731399993 -22.09582833665823, -41.17911356099994 -22.09986511565832, -41.18559625099992 -22.09841203665832, -41.18721322199996 -22.10036482965834, -41.18903923799996 -22.09899548465831, -41.18909851299997 -22.10168734665836, -41.19041247999996 -22.09818806165833, -41.19273327799993 -22.0971135446583, -41.19336807799993 -22.10006802165834, -41.19111503599999 -22.10332330465842, -41.19480815099995 -22.10431330165842, -41.19883012499997 -22.10166787165837, -41.19974544299998 -22.10369371865839, -41.20128769999997 -22.10362616565844, -41.20336051899994 -22.10043034765831, -41.20250348099995 -22.09783486765829, -41.20346352199993 -22.09612615465823, -41.20604206399997 -22.09656342365825, -41.20667889799994 -22.09807414765831, -41.20737454299995 -22.09623959065826, -41.20881397799996 -22.09739642265829, -41.21500232599993 -22.09667830165823, -41.21739174799995 -22.09862715465827, -41.21957419999995 -22.09646599465827, -41.22341968699993 -22.09773259665828)))"
3301108.0,Cantagalo,33,RJ,"MULTIPOLYGON (((-42.48084937999994 -21.94633354365471, -42.50900975399997 -21.90749698565378, -42.50629197399996 -21.90747219565381, -42.50493945399995 -21.90549380465373, -42.50206468699997 -21.90541954865373, -42.49995899899994 -21.90330325265368, -42.49408216799997 -21.90238566065364, -42.49226289599994 -21.90038074865362, -42.49244853599999 -21.89837583765355, -42.48653457699992 -21.89793030165357, -42.48453496899998 -21.89481154965346, -42.48230728999994 -21.89532073365347, -42.48002656999995 -21.8918572226534, -42.47675400299994 -21.89158671865339, -42.47413945299995 -21.89320154765341, -42.47051649999997 -21.89170340665343, -42.47068092399996 -21.89053652665338, -42.46599218799997 -21.88858465465331, -42.46508446899998 -21.88527385065327, -42.45760095899993 -21.87902585965312, -42.44871355699996 -21.87632814965304, -42.44612864299995 -21.87813758965307, -42.44413590999994 -21.87696262865305, -42.44292335899996 -21.87976388565309, -42.44023504099994 -21.87951934365313, -42.43671955899998 -21.87761120665311, -42.43548819999994 -21.87368683865299, -42.43032307299995 -21.8711160246529, -42.43528610699995 -21.86404746165273, -42.43779112299996 -21.86350697965273, -42.44657042899996 -21.85544204965256, -42.44998100899994 -21.8543756936525, -42.45059349399997 -21.85216155965247, -42.45270842299992 -21.85268794265244, -42.45346979699996 -21.85151298165242, -42.45221963899996 -21.84914426065239, -42.45313140899997 -21.84706693065236, -42.44976632199995 -21.8467191426523, -42.44665502599997 -21.84383343865224, -42.44395731599995 -21.84431282265226, -42.44298914899997 -21.84164331265223, -42.43975565699996 -21.84066574465222, -42.44581845399994 -21.8361726956521, -42.44746339899995 -21.83273241065199, -42.43957706299994 -21.82926392665193, -42.44603464699997 -21.82417869765181, -42.44912183199994 -21.82512676665186, -42.44833756899993 -21.81987364165168, -42.45195644799997 -21.81784330965165, -42.45235123499997 -21.81578477865161, -42.45471995599996 -21.81760831765165, -42.45835763399997 -21.81530539465158, -42.46188251599995 -21.81090634165148, -42.46105534299993 -21.80942119165145, -42.46223970399995 -21.80740965965142, -42.46528520199996 -21.80512553565133, -42.46317027199995 -21.80432656265133, -42.46887088699997 -21.79846620165117, -42.46655415899993 -21.79680681465117, -42.46513480699996 -21.79814156965117, -42.46200471199995 -21.79553785665111, -42.46380005099996 -21.79233256465103, -42.45908140899996 -21.78872308565095, -42.46036916599997 -21.78700294265091, -42.45972058999996 -21.78475642065085, -42.43829587499993 -21.77612670865064, -42.42988365999998 -21.77567117265061, -42.39562741999998 -21.76164069165031, -42.39374454099993 -21.7573586616502, -42.39119354499996 -21.75577947365018, -42.38575749199997 -21.75404843965014, -42.37357952099994 -21.7458488096499, -42.36795392099997 -21.74485262664991, -42.36279852299997 -21.74177936264983, -42.35772689899994 -21.74105050664982, -42.35172253299992 -21.74417041264989, -42.33346206199996 -21.7458488096499, -42.31414737399996 -21.73783139164971, -42.30886316599997 -21.7327597676496, -42.30658549099996 -21.7284473686495, -42.30321453099998 -21.7287206896495, -42.28875888399994 -21.72146249664934, -42.27952908099996 -21.7186103056493, -42.27011231299997 -21.71727157364925, -42.26735902799992 -21.7146874246492, -42.25993869599994 -21.71292880764917, -42.24958666499997 -21.70673359764902, -42.24611163699996 -21.70658040664897, -42.23783929399997 -21.6977839876488, -42.20640278099994 -21.78365589965083, -42.16715515199995 -21.85922571365262, -42.16888740499997 -21.85970028365263, -42.16749085299994 -21.8619732916527, -42.16805849199993 -21.86389465465277, -42.17099667999997 -21.86481455265275, -42.17179608499998 -21.86696235265283, -42.17364016099998 -21.86746958765283, -42.17557158999995 -21.86555616965277, -42.18289322899994 -21.86981506665289, -42.18361331899996 -21.876032152653, -42.18404128999997 -21.874756799653, -42.18606987199995 -21.87504781965301, -42.18560766399997 -21.87354136165299, -42.18815836999993 -21.87292508365294, -42.19210426199992 -21.87442298165299, -42.18993872899994 -21.87493654665301, -42.19913491699998 -21.88145540865317, -42.20106029899995 -21.8789059286531, -42.20472179399996 -21.8795437376531, -42.20680845299994 -21.87698462865305, -42.20858014399995 -21.87942562565312, -42.21100539299992 -21.88000831465312, -42.21056443899993 -21.88178000665314, -42.21316291899996 -21.88518952765325, -42.21021009999998 -21.88559898565324, -42.21149359199995 -21.8865281386533, -42.20965103299994 -21.88692184865327, -42.21154871199996 -21.88907937465333, -42.21156445999998 -21.89163061065339, -42.21479287499994 -21.8910951656534, -42.21591888399996 -21.89313457965341, -42.21320228999997 -21.89675670365351, -42.21420231199993 -21.89885911065355, -42.21709213699995 -21.9002292186536, -42.21654881799997 -21.90244186465367, -42.21853587699997 -21.90610649365378, -42.22156103599995 -21.90788148965381, -42.22113645299998 -21.90920831365383, -42.21842973099996 -21.90810557565382, -42.21351753399994 -21.90939701765382, -42.21257991099997 -21.9125696016539, -42.21430183399996 -21.91425614265392, -42.20983191099997 -21.91903270965404, -42.21789900199997 -21.916750571654, -42.22019882999994 -21.91724591965403, -42.22611351699993 -21.92459947365417, -42.22519948299998 -21.92983010865433, -42.22765263299993 -21.93121590365435, -42.22813618699995 -21.93476589465442, -42.23050677899993 -21.93407004965442, -42.23383858199998 -21.93667652165451, -42.23788981799999 -21.95134824765481, -42.24020085899998 -21.95075656065479, -42.24159313199993 -21.95222689965487, -42.24241281399996 -21.95120671965484, -42.24317010299995 -21.95251524865483, -42.24159313199993 -21.95381908865485, -42.24138083999998 -21.95640787065495, -42.24419370699996 -21.95874897765501, -42.24096804999994 -21.96336042865508, -42.23924612799993 -21.9636906606551, -42.24314404199998 -21.96700477265518, -42.24244819599993 -21.96918666065522, -42.23984172399997 -21.96987071265524, -42.24035476299998 -21.97158673865527, -42.24303199899997 -21.97222361365534, -42.24414258299998 -21.97608327865543, -42.25060676499992 -21.97679300665545, -42.25611777699992 -21.98864247065569, -42.25730290499996 -21.98977852165572, -42.26882849699996 -21.98398868165561, -42.27254415999993 -21.9842318766556, -42.27681701799997 -21.98719948165565, -42.28008015199998 -21.98666999165564, -42.28458696999996 -21.98117807665552, -42.28921692599994 -21.97910937265551, -42.29181605899998 -21.98122913365552, -42.29983750199995 -21.97422082965535, -42.30122895199996 -21.97547682765541, -42.29993601199994 -21.97856756965546, -42.30015765899998 -21.98232325165557, -42.30172149999998 -21.98223705565553, -42.30052706999992 -21.97906011765549, -42.30218942099997 -21.97803807965542, -42.30555106499997 -21.98114113565555, -42.30944219799994 -21.98146129165552, -42.30829702199998 -21.98860324465568, -42.31360122899996 -21.99485364465583, -42.31513113199996 -22.00017813365598, -42.31798347799997 -21.99680271265591, -42.35617758099994 -22.00873944165616, -42.38419750499997 -21.99920561265596, -42.38514160099993 -22.00039545465597, -42.38440184799998 -22.0047078156561, -42.38768989999993 -22.00640061065613, -42.38956561999998 -22.00568084265609, -42.39233321999995 -22.01015607865623, -42.39297140899998 -22.01573303065637, -42.39720562799994 -22.01576325465636, -42.40195309699993 -22.01951272465646, -42.39894673699996 -22.02636372665659, -42.40122151599996 -22.02647242065659, -42.40617447599993 -22.03129954165671, -42.41163488799997 -22.03197823765675, -42.41287842699996 -22.03656023565686, -42.41467175999997 -22.03760047665687, -42.48084937999994 -21.94633354365471)))"
3301157.0,Cardoso Moreira,33,RJ,"MULTIPOLYGON (((-41.63159744899997 -21.4744115476434, -41.61887231599997 -21.47204276664336, -41.60027664199998 -21.48157816964357, -41.59960477699996 -21.47680738464351, -41.59332537499994 -21.46879890764327, -41.57934974399996 -21.45914684464305, -41.57952836899995 -21.455748908643, -41.57453897999994 -21.44962282564281, -41.57466508299994 -21.44683639964274, -41.56956568499992 -21.4458224326427, -41.56587284199998 -21.44347075064266, -41.55105479499997 -21.42904962864234, -41.44945355699997 -21.39858510064157, -41.44789483299996 -21.40230369364168, -41.44874244999993 -21.40527694664176, -41.44296550399997 -21.41094663764186, -41.43435103299998 -21.4106550116419, -41.43213434499995 -21.41409562164195, -41.43074775199995 -21.41421423364194, -41.43085487699994 -21.41735177364203, -41.42901108799998 -21.42038065464207, -41.42715353799996 -21.4207906256421, -41.42699147799992 -21.42251442564217, -41.42434585599994 -21.42455021964221, -41.42498440199994 -21.42693596164229, -41.42218438899994 -21.43104244064235, -41.41590302399992 -21.43454703364244, -41.41490586599997 -21.43798040364256, -41.41371998099998 -21.43739641864252, -41.41234856499993 -21.44353073164267, -41.41365534599998 -21.44393725764267, -41.41352977599995 -21.44686014764273, -41.41123912999995 -21.44938616364279, -41.41333727299996 -21.45155302764284, -41.41190683799994 -21.4532103816429, -41.41312709599998 -21.45437990964294, -41.41203386099993 -21.45732930964297, -41.41293425599997 -21.45922475764306, -41.41116594599997 -21.45971847664309, -41.41317595299994 -21.46224144064313, -41.41276205799993 -21.46507838864316, -41.40864441099996 -21.46754002664323, -41.40581876899994 -21.46671515564325, -41.40012027799997 -21.47196871964337, -41.39844755099994 -21.47201185864337, -41.39525426399996 -21.47885113064353, -41.38989224199997 -21.47895596464353, -41.39071834499998 -21.48224240864358, -41.38891832499996 -21.4851342626437, -41.38758485699997 -21.48471173564366, -41.38552030999995 -21.48854999664376, -41.38238201299998 -21.48974230964379, -41.38262622299992 -21.49272366364383, -41.37509558499994 -21.49983617964402, -41.37303376099992 -21.5056973736442, -41.37359926199996 -21.51747657564442, -41.36471745299996 -21.53150765264478, -41.36018456999994 -21.54493236564513, -41.36524373999998 -21.55707209864538, -41.37900116199995 -21.56054221964548, -41.38033849799995 -21.56276174264554, -41.38622858999997 -21.56643405864565, -41.38703430199995 -21.56924517664573, -41.39668205599997 -21.58063298764595, -41.40081862799997 -21.582284764646, -41.40051403899997 -21.59131527564621, -41.40253421699997 -21.59541137464633, -41.40156829699998 -21.59756733564636, -41.40269384299994 -21.6020829436465, -41.40568218499993 -21.60568484764658, -41.40949092199997 -21.60903963464665, -41.42538325199995 -21.61118922364668, -41.42766942299993 -21.61391707764675, -41.42725248799996 -21.61651995864683, -41.48997978099993 -21.67489481664822, -41.49337241699993 -21.67027300064811, -41.49428181999996 -21.665062340648, -41.50936029399998 -21.64995206764764, -41.50962491699993 -21.64593056264751, -41.51367648999996 -21.64301261964745, -41.51670202199995 -21.6366234566473, -41.52189122799995 -21.63429989864723, -41.53029028899994 -21.62504472664703, -41.54070527699997 -21.62032544864694, -41.54379742099997 -21.61647426764682, -41.54143365499993 -21.56081634964548, -41.54961301899993 -21.56461329164557, -41.56097675499996 -21.56574623564562, -41.57984930799995 -21.57579442264584, -41.58527467899995 -21.57629095364587, -41.59006059199992 -21.581476186646, -41.60124572399997 -21.5858107886461, -41.60223800599994 -21.58743211164613, -41.60608934299995 -21.58637242564612, -41.60744104899992 -21.58816607864618, -41.61292051199995 -21.58792682164611, -41.61483370599996 -21.58975118464619, -41.61941777699997 -21.59088059264622, -41.62295677599996 -21.59486544564634, -41.62695238599996 -21.59571648164633, -41.65702101599993 -21.47914413764352, -41.63159744899997 -21.4744115476434)))"
3301207.0,Carmo,33,RJ,"MULTIPOLYGON (((-42.61229839699996 -21.8546221316525, -42.60533146199998 -21.85065892465243, -42.60602434399993 -21.8464718406523, -42.60438029799996 -21.8455571536523, -42.58564082499998 -21.83907832565214, -42.49800134299994 -21.80233516465125, -42.45972058999996 -21.78475642065085, -42.46036916599997 -21.78700294265091, -42.45908140899996 -21.78872308565095, -42.46380005099996 -21.79233256465103, -42.46200471199995 -21.79553785665111, -42.46513480699996 -21.79814156965117, -42.46655415899993 -21.79680681465117, -42.46887088699997 -21.79846620165117, -42.46317027199995 -21.80432656265133, -42.46528520199996 -21.80512553565133, -42.46223970399995 -21.80740965965142, -42.46105534299993 -21.80942119165145, -42.46188251599995 -21.81090634165148, -42.45835763399997 -21.81530539465158, -42.45471995599996 -21.81760831765165, -42.45235123499997 -21.81578477865161, -42.45195644799997 -21.81784330965165, -42.44833756899993 -21.81987364165168, -42.44912183199994 -21.82512676665186, -42.44603464699997 -21.82417869765181, -42.43957706299994 -21.82926392665193, -42.44746339899995 -21.83273241065199, -42.44581845399994 -21.8361726956521, -42.43975565699996 -21.84066574465222, -42.44298914899997 -21.84164331265223, -42.44395731599995 -21.84431282265226, -42.44665502599997 -21.84383343865224, -42.44976632199995 -21.8467191426523, -42.45313140899997 -21.84706693065236, -42.45221963899996 -21.84914426065239, -42.45346979699996 -21.85151298165242, -42.45270842299992 -21.85268794265244, -42.45059349399997 -21.85216155965247, -42.44998100899994 -21.8543756936525, -42.44657042899996 -21.85544204965256, -42.43779112299996 -21.86350697965273, -42.43528610699995 -21.86404746165273, -42.43032307299995 -21.8711160246529, -42.43548819999994 -21.87368683865299, -42.43671955899998 -21.87761120665311, -42.44023504099994 -21.87951934365313, -42.44292335899996 -21.87976388565309, -42.44413590999994 -21.87696262865305, -42.44612864299995 -21.87813758965307, -42.44871355699996 -21.87632814965304, -42.45760095899993 -21.87902585965312, -42.46508446899998 -21.88527385065327, -42.46599218799997 -21.88858465465331, -42.47068092399996 -21.89053652665338, -42.47051649999997 -21.89170340665343, -42.47413945299995 -21.89320154765341, -42.47675400299994 -21.89158671865339, -42.47979849799998 -21.89176705465341, -42.48230728999994 -21.89532073365347, -42.48529344099995 -21.89544802965349, -42.48653457699992 -21.89793030165357, -42.49118618399996 -21.89755371765352, -42.49408216799997 -21.90238566065364, -42.49995899899994 -21.90330325265368, -42.50166158299992 -21.90523390865373, -42.50493945399995 -21.90549380465373, -42.50629197399996 -21.90747219565381, -42.50854617399995 -21.90720699565379, -42.51135681999994 -21.90903645165382, -42.51202723299996 -21.91295637565392, -42.51814078499995 -21.91355196365395, -42.52548333199996 -21.90978007865385, -42.52770161799997 -21.90702067365378, -42.52981240199993 -21.91049033465388, -42.53398010899997 -21.91205378265387, -42.53489614899996 -21.91418541865391, -42.53817923799994 -21.916175041654, -42.53733585299995 -21.92554336265419, -42.53848968399994 -21.9287043996543, -42.54061096299995 -21.93084047365431, -42.54440785299993 -21.92908471265429, -42.54673481899994 -21.93037313165431, -42.54427232399996 -21.93550626165443, -42.54607935699993 -21.93795193065449, -42.54594686299998 -21.94277936165462, -42.54945144599998 -21.9495603166548, -42.54693911699997 -21.95214310265487, -42.55162094199994 -21.95456361065492, -42.55348169799998 -21.9523535516548, -42.55574404699995 -21.95194168165481, -42.55651519599996 -21.95595881865492, -42.55878278399995 -21.95782898465496, -42.55547876599996 -21.96187635165506, -42.55728637499993 -21.9668548956552, -42.55144851299997 -21.96759455065519, -42.55290130699995 -21.96940800365525, -42.55324593299997 -21.9758404936554, -42.54737011499996 -21.98419672765561, -42.55145638499993 -21.99186295165581, -42.54702125799997 -21.99341778965585, -42.54886549899992 -21.99496806565586, -42.54748925199993 -21.99818155565593, -42.55542684699997 -22.00193565965604, -42.56833340999998 -21.99530501465585, -42.69099385999992 -21.96932090865522, -42.69187501199997 -21.96791026765525, -42.68963423499996 -21.96548106565515, -42.68774642999993 -21.96530068565514, -42.68809170499996 -21.96288436765511, -42.69691128199997 -21.9630919156551, -42.69898829599998 -21.96137898565506, -42.69924776499995 -21.95977505065502, -42.69147573699995 -21.95344490565488, -42.69004239399992 -21.95021266665481, -42.68632602899999 -21.94856819865477, -42.68150191999996 -21.94897324465474, -42.67984974299998 -21.9456368606547, -42.67707673299998 -21.94467811265468, -42.67679261699993 -21.94123613465457, -42.67275729499993 -21.93563096865443, -42.67446717499996 -21.93194025165435, -42.67062102799996 -21.92786896065426, -42.67134866099995 -21.92329472465417, -42.66346770499995 -21.91546111365395, -42.66221418099996 -21.9055203106537, -42.66660923699992 -21.89923715165359, -42.67002183699998 -21.89797926565356, -42.66843399399993 -21.89314224765343, -42.66315831699995 -21.89072795865338, -42.66651174799993 -21.88135868265313, -42.66809310499995 -21.88018378965311, -42.66448148999995 -21.87700366265302, -42.66534362699996 -21.87325093965297, -42.64973040099994 -21.86763170265285, -42.64031981999995 -21.86581680365281, -42.62873148599993 -21.85937166765264, -42.61229839699996 -21.8546221316525)))"
3301306.0,Casimiro De Abreu,33,RJ,"MULTIPOLYGON (((-41.98293092199997 -22.59700090666996, -41.98320561199994 -22.59689461666994, -41.98231511999995 -22.59585446166992, -41.98222164499997 -22.59648564666997, -41.98293092199997 -22.59700090666996)), ((-42.26724986099999 -22.49843821866765, -42.26918332099996 -22.49726985366767, -42.26887332099993 -22.49197670866755, -42.26992362099997 -22.49102357266752, -42.27021511399993 -22.49222193266754, -42.27078421999993 -22.4906164076675, -42.27033541299994 -22.48574893566737, -42.27721094899993 -22.48308848266733, -42.27571646799998 -22.48112206066729, -42.27786969799996 -22.48032333866725, -42.27792348699994 -22.47893817566722, -42.28061928099998 -22.47944080966727, -42.28447613999998 -22.47726980966717, -42.28525845499996 -22.47515971266712, -42.28414598899996 -22.47455682866712, -42.28613407299997 -22.47109741766705, -42.28710299499993 -22.47169312566705, -42.28857432099994 -22.47032228066703, -42.28774894299993 -22.46962609166701, -42.28924179999996 -22.46847773966699, -42.28914849699997 -22.46552073366691, -42.29300982999995 -22.46394174966686, -42.29762494599998 -22.46746740066697, -42.30093068699994 -22.46582649166694, -42.30246142099997 -22.46446471666688, -42.30200904499997 -22.46169581166685, -42.30417594899995 -22.45787976566675, -42.29821836699994 -22.44893738166652, -42.29671857999994 -22.44134315766635, -42.29320319599998 -22.43500427966617, -42.29468640999994 -22.42997460766609, -42.29322805399993 -22.42896370166604, -42.29005447199994 -22.42955201566607, -42.28743093699995 -22.42359988966592, -42.28312727999997 -22.41899550566581, -42.28129604899993 -22.41261519666567, -42.26914860399994 -22.40253099566543, -42.27105441099997 -22.4012052166654, -42.27660746599997 -22.40133942466542, -42.28321508099997 -22.40431854366547, -42.28868540199994 -22.40467962966546, -42.29417319199995 -22.39230248666518, -42.28050400099993 -22.38548089966505, -42.27995097599996 -22.38295824466498, -42.27636183299995 -22.37920068966489, -42.27167384399996 -22.37811200266487, -42.26814920199995 -22.37523919566479, -42.26543859399992 -22.37627993666482, -42.26311824299995 -22.37254691466473, -42.25946810899995 -22.37226831766474, -42.25715257899999 -22.36647277666461, -42.25454787599995 -22.36559751066455, -42.25105933499997 -22.36754117266463, -42.24985607999997 -22.36471015966458, -42.24557947099998 -22.36514460866459, -42.24124588899997 -22.36351077166453, -42.24027230299998 -22.36147778766447, -42.22862209099998 -22.36012657466443, -42.22670473899995 -22.35845259366445, -42.22248455899994 -22.35875200866441, -42.22214932699996 -22.35741898666439, -42.22366362899993 -22.3574170846644, -42.22592885899996 -22.35194393166424, -42.21844838099997 -22.35456701366433, -42.21722500599996 -22.36006309866445, -42.21088689799995 -22.36176892166448, -42.20410634299997 -22.37070570466468, -42.21575551799998 -22.37368277766477, -42.21585951899993 -22.383289062665, -42.21035466499995 -22.38114632266493, -42.20705093899994 -22.38719695466507, -42.20921518899996 -22.39060319966515, -42.21408979199997 -22.39180794066523, -42.21423177599996 -22.39306064966522, -42.21069167399997 -22.39503262066526, -42.21018693599994 -22.39688877766532, -42.21441764399998 -22.39844184366533, -42.21929994299995 -22.4059081046655, -42.21692181799993 -22.4087302656656, -42.21122707999995 -22.40766151266554, -42.21143829699997 -22.41153210166567, -42.20679361099995 -22.41181262266566, -42.20420523599994 -22.41400981966569, -42.20775317799996 -22.4213624096659, -42.20654586099993 -22.425506050666, -42.20112863599995 -22.43048143966608, -42.19522610099995 -22.43075049466608, -42.19149394199995 -22.43325855066615, -42.18227605399994 -22.43264681866615, -42.17694680499994 -22.42627094566598, -42.17316203099994 -22.42551257366597, -42.17060328299993 -22.42153871166592, -42.16788000099996 -22.42481784566594, -42.16129275699996 -22.42856344866606, -42.16144302299995 -22.42272876766592, -42.15873927099994 -22.42445610866595, -42.15188149999994 -22.42070819466583, -42.14966750099995 -22.426635476666, -42.14446742799999 -22.42803440266607, -42.14314564199998 -22.42464608866598, -42.14093329999996 -22.42553958266597, -42.14014856899996 -22.42445898066593, -42.13794098599993 -22.41939270066582, -42.13931617899992 -22.4171081156658, -42.13601531599993 -22.41605555966577, -42.13813604699993 -22.41421646266571, -42.13720251499996 -22.41265113366567, -42.13032858599995 -22.41156216966566, -42.12561609799995 -22.41268730266566, -42.12381011199994 -22.40558472966551, -42.11785888499998 -22.4045834546655, -42.11706138999995 -22.40216010566544, -42.11136781399995 -22.40437796866548, -42.10744450399994 -22.40410449766546, -42.10443023899996 -22.40661321066553, -42.09879663199995 -22.40425060066547, -42.09900618399996 -22.40793826466555, -42.09653172599997 -22.40819607466556, -42.10060407599996 -22.41328092966569, -42.09842174799996 -22.41668951066579, -42.10067437599997 -22.42367274866591, -42.10015978399997 -22.42747893566602, -42.10280834099996 -22.42994371466607, -42.10257439399994 -22.43226530266614, -42.10646557799998 -22.43608868766622, -42.10579319599997 -22.43666995566624, -42.08626209799996 -22.43914184366631, -42.07415402299994 -22.43043222066608, -42.07077348799993 -22.43198763866611, -42.06873086899997 -22.43533058566624, -42.06387331999996 -22.43462274766616, -42.06278229299993 -22.43299823966617, -42.06513646399996 -22.42599278666597, -42.06351677399992 -22.42277243566591, -42.05729663299996 -22.42428441666597, -42.05419924999995 -22.42305919666591, -42.04979984899995 -22.42447727366599, -42.04662609499997 -22.42396967166594, -42.04209810299994 -22.42795942866604, -42.03927644699996 -22.42644456766602, -42.03621077199994 -22.42798364366603, -42.03079123799994 -22.42418810966594, -42.02285064699998 -22.42469329666595, -42.01972509699993 -22.42782103166601, -42.01445594399996 -22.42587723866598, -42.01785590399992 -22.42838010066606, -42.01881689899994 -22.43634089966623, -42.02076727399998 -22.43883002166629, -42.02080979799995 -22.44162858166637, -42.01714010299997 -22.4471683026665, -42.01743364799994 -22.44938512066652, -42.02514946499996 -22.45282082066661, -42.02760912699995 -22.4554341766667, -42.02580635599997 -22.46498336166689, -42.02695225199994 -22.46842846266699, -42.02307161199997 -22.47064340166703, -42.02055506999994 -22.47506317366715, -42.01802425099997 -22.4767560746672, -42.01892194599998 -22.47976729266724, -42.00280593799994 -22.4904412226675, -41.99140562399998 -22.50204057066776, -41.99043436699997 -22.50454901966783, -41.99121122899992 -22.51021403666799, -41.98673793799997 -22.52165183166819, -41.99025274699994 -22.52505837766828, -41.99012854299996 -22.52999022966841, -41.98810081999993 -22.53400824266853, -41.98671217199995 -22.54586360366875, -41.98465178599997 -22.54859062366882, -41.98191359699995 -22.56152175866917, -41.97915592899994 -22.56245923766915, -41.98636588299996 -22.5840776186697, -41.98918876099998 -22.59851624867, -41.99138983899995 -22.59936311167003, -41.99116210299997 -22.59636915666998, -41.99467285099996 -22.59602891766995, -41.99618674199996 -22.5942000816699, -41.99617950699997 -22.59149358866982, -41.99083185699993 -22.57983462166959, -41.99518213199997 -22.57485572966949, -41.99823709999998 -22.57555230266948, -42.00412032199994 -22.58493914566971, -42.01077219599995 -22.57180713466941, -42.01321976999998 -22.57157371066938, -42.01461476999997 -22.57551037066947, -42.01736937699997 -22.5780395326695, -42.02034078499997 -22.57794633266951, -42.02168590799993 -22.57620324266949, -42.02066964699998 -22.56896643566929, -42.02984601899993 -22.57089183366938, -42.03223540899995 -22.56200517066917, -42.03448207099995 -22.5597903236691, -42.03724170899994 -22.56064910266914, -42.03855870099993 -22.56695576866927, -42.04142406099993 -22.56894686666934, -42.04911280499994 -22.56129946766917, -42.05485271599997 -22.5631128726692, -42.06274326699997 -22.55996583466913, -42.06061793999993 -22.56492284766921, -42.06043393999994 -22.57100212266939, -42.06167677299993 -22.57293718966941, -42.06343500299994 -22.57274615266943, -42.06493482799993 -22.56867003066932, -42.06960158499992 -22.56890019966928, -42.07287857299997 -22.56749718466926, -42.07668277299997 -22.57301223966943, -42.08015418099995 -22.57509848766945, -42.08197552599994 -22.57403958766944, -42.08414052699992 -22.56915191566934, -42.08793616499997 -22.57256108666941, -42.09380677999997 -22.57142171366938, -42.09126166299995 -22.56499421466923, -42.09366445799998 -22.56180651166913, -42.09772029099997 -22.56162170366916, -42.10092725199995 -22.56490269766926, -42.10604365499995 -22.56034723466911, -42.10756921499994 -22.56518652466923, -42.11063533799995 -22.56723992466931, -42.11458505699994 -22.56590606266926, -42.11818449499997 -22.56671531266923, -42.12439043799996 -22.56464634266921, -42.12480532399996 -22.56368087166921, -42.12151447299993 -22.56189781866918, -42.12053393999997 -22.55937142266909, -42.12120483799998 -22.55500708266902, -42.12280980699995 -22.55406040366896, -42.12717814199993 -22.55770712466903, -42.13382374999998 -22.55482153366899, -42.13061891599994 -22.55246787766895, -42.13122212899997 -22.54643931766881, -42.13384485599994 -22.54237154766871, -42.13887003799994 -22.54012577566866, -42.14035429699992 -22.54206550966868, -42.14535656899994 -22.54035228366864, -42.14735137199995 -22.54105299766867, -42.14711690399997 -22.54308004966872, -42.14352609199995 -22.5435965636687, -42.14108134499997 -22.54863941766885, -42.14396351699997 -22.54821273366883, -42.14460939599996 -22.55162086866888, -42.14678354099993 -22.5516936026689, -42.14910495499998 -22.55577141166902, -42.15123051899997 -22.55672854566902, -42.15263726199998 -22.55668675366904, -42.15388886299996 -22.55098387566886, -42.15140941899994 -22.55173297166894, -42.15208836699997 -22.55041366566889, -42.15039349399995 -22.54889875266886, -42.15471306599994 -22.54619742566878, -42.15632060999995 -22.5460818176688, -42.15651959899999 -22.54785516666884, -42.16024920099994 -22.54501642366875, -42.16338164399996 -22.5467389406688, -42.16479922199994 -22.54520216566878, -42.16589129199998 -22.54566523766879, -42.16562330999995 -22.54799890566882, -42.16960555299993 -22.54685227066879, -42.17153025499994 -22.54882460466884, -42.17616980499997 -22.54555251466877, -42.17974796399994 -22.54977352866887, -42.17916106399996 -22.5513325056689, -42.18248958899994 -22.55269446166891, -42.18221471099997 -22.5511211676689, -42.18644592999993 -22.55116735766889, -42.18528279099996 -22.55181249866891, -42.18692326799992 -22.555491126669, -42.19047688799998 -22.55175128166891, -42.19050581099998 -22.54913075266885, -42.19315139199994 -22.54778300366883, -42.19810977699996 -22.54843191966883, -42.19839263799997 -22.54686786466883, -42.20401657899998 -22.54483792266875, -42.20365052299996 -22.5419760356687, -42.21363384899995 -22.53854842666865, -42.22175321599997 -22.53964587866861, -42.22641514999999 -22.54201908666873, -42.23011443399998 -22.54095890666867, -42.24078849499994 -22.54615239366877, -42.24972357199994 -22.54671811566882, -42.25180343199997 -22.54390614466874, -42.25428262399998 -22.53388954166851, -42.25659971299995 -22.53200286266845, -42.25908729699996 -22.53216003366848, -42.25921021999994 -22.5288479426684, -42.26281836799996 -22.52643532466834, -42.26461536599993 -22.52292452166822, -42.26566361599997 -22.51864833066817, -42.26371686699998 -22.51740041466812, -42.26346728399994 -22.51167664166799, -42.26150389599997 -22.50666833966784, -42.26388554999993 -22.50161448866778, -42.26296942899994 -22.50005985866769, -42.26724986099999 -22.49843821866765)))"
3301405.0,Conceição De Macabu,33,RJ,"MULTIPOLYGON (((-41.90997156199995 -22.06793412265756, -41.90464505499995 -22.06489933765747, -41.90522738399994 -22.06265743665743, -41.90344638899995 -22.06122237265745, -41.90349452799995 -22.05796310165731, -41.89950320499997 -22.05488936965729, -41.89836245199996 -22.05628272765729, -41.89505515099994 -22.05598008865729, -41.89369861599994 -22.05357065265725, -41.88936173299992 -22.05123779665719, -41.88844515899996 -22.04892258065713, -41.88266240099994 -22.05015411565715, -41.87741394099993 -22.05510543965725, -41.87274510399992 -22.05155718065721, -41.86941808799997 -22.05148372465721, -41.86702711699996 -22.05272170465724, -41.86689042899997 -22.05665761265733, -41.86200048899997 -22.05869359465738, -41.86094644799993 -22.06210932765745, -41.85775319099996 -22.06173426065745, -41.85791917099993 -22.06349708765749, -41.85602541299993 -22.06336783465747, -41.85672212799995 -22.06475968965751, -41.85385655099998 -22.06811424065758, -41.85130703299995 -22.06880973865763, -41.84894918299995 -22.07146270865767, -41.84280799099997 -22.06975232065764, -41.83755740999993 -22.07129619365769, -41.83722001199992 -22.0729981766577, -41.83891994599998 -22.0742412196577, -41.83277411799997 -22.07829826465781, -41.82935890499994 -22.08794785465803, -41.82647081099997 -22.08917608465809, -41.82413328599994 -22.09370491065816, -41.82185836099995 -22.09512363065819, -41.82166664599998 -22.09947893265831, -41.81424892099994 -22.10091615765836, -41.81038942799994 -22.0991412936583, -41.79669437299997 -22.09832426265831, -41.79297480399998 -22.09873543865829, -41.79188792599996 -22.10058291365839, -41.77882723899995 -22.09674469365825, -41.76633293799995 -22.084648912658, -41.76065881199997 -22.08372518865796, -41.75335778099998 -22.08550685565799, -41.75205152199992 -22.08699126065801, -41.74028750699995 -22.08653674865803, -41.73741926099996 -22.08444939765798, -41.73538859099994 -22.07733967465782, -41.73070718899992 -22.07233247065767, -41.71656156499994 -22.05916861665739, -41.71103117499996 -22.05712933965734, -41.70278156999995 -22.05140683665719, -41.69533148699998 -22.05167067565721, -41.66481021899995 -22.05736782165734, -41.65969971899995 -22.0558275436573, -41.66243873599995 -22.06110544365743, -41.66249810999994 -22.0684828126576, -41.66824981899997 -22.0675236526576, -41.66752430399998 -22.06961175165763, -41.66884506099996 -22.07203567765769, -41.67531822999996 -22.07615203265781, -41.69368481799994 -22.10830992665852, -41.77111850499995 -22.18088100866025, -41.82471724999994 -22.14601241765943, -41.81940510799996 -22.18623637366033, -41.82929763199997 -22.19025120966044, -41.83236179799997 -22.19251653266051, -41.83284048699993 -22.19445158766056, -41.83999529499993 -22.19877895966069, -41.84047243099996 -22.2091842516609, -41.84614468399997 -22.21622960866106, -41.84823761799998 -22.23614198366157, -41.85979900499996 -22.2646787436622, -41.85974753599992 -22.26958833666233, -41.86172601299995 -22.27033806066235, -41.86423535599993 -22.27438593366245, -41.86741365399995 -22.27263915566242, -41.87394446699993 -22.27309286266241, -41.87848691499994 -22.27491232366246, -41.88197139499993 -22.27324633266239, -41.88690990199996 -22.26841771866232, -41.88699699599994 -22.26340930066221, -41.88544802699994 -22.26208783766218, -41.88613301399994 -22.2590369196621, -41.89269467099995 -22.25678807166203, -41.89460780099994 -22.24858103266182, -41.89808457899993 -22.24509347966173, -41.90566576299994 -22.24385352066173, -41.90716245199996 -22.24221190066169, -41.90044403299999 -22.23911436566165, -41.90174578199997 -22.23242672266145, -41.90561535999995 -22.23092304766143, -41.91200506599994 -22.2321820366615, -41.91663063899995 -22.22938330666137, -41.91738168999995 -22.21699545866108, -41.91604881399995 -22.21582000366108, -41.91752641399994 -22.21175359066095, -41.91355651599996 -22.20827892066087, -41.91185576499998 -22.2088289106609, -41.91022533999995 -22.20683140266087, -41.90614123799996 -22.20570216166086, -41.90561715899997 -22.20040920666071, -41.90275939099996 -22.19824803366066, -41.90292068699995 -22.19311756866051, -41.90117252799997 -22.18979909466045, -41.90339839399996 -22.18521423566033, -41.90600494899996 -22.18657408066038, -41.91208457399994 -22.18619375766037, -41.90797613999996 -22.17874987066017, -41.90884368399998 -22.1748148236601, -41.91298231199994 -22.16979527465999, -41.91944166499995 -22.17134032966004, -41.91865824699993 -22.16329994565983, -41.92070290999992 -22.16220236165983, -41.93368929699994 -22.16411884765983, -41.93854771799992 -22.1623525116598, -41.93955163499993 -22.1589972116597, -41.94634605199996 -22.15971809765974, -41.94687751099997 -22.15712881765967, -41.94982425699992 -22.15649066365965, -41.95150180499996 -22.15238464465955, -41.95625829899995 -22.15450287865964, -41.95635330399994 -22.15290993165959, -41.95946824599997 -22.15199858165953, -41.96329919699998 -22.1538936636596, -41.96704782599994 -22.15291709865958, -41.96911002299999 -22.15728608665969, -41.97117049599996 -22.15769685965969, -41.97332223799997 -22.16543560365985, -41.97474214599998 -22.16521363365987, -41.97234710599997 -22.15558469465966, -41.97304141499995 -22.15153814365958, -41.97124401799994 -22.14907446865951, -41.97230148599994 -22.13945322065926, -41.97054485499996 -22.13658733265921, -41.97174876599995 -22.13175373865907, -41.96558028199996 -22.12965408865902, -41.96188593099998 -22.12672649565898, -41.95808298499998 -22.11761550765879, -41.96275343999996 -22.10572029665847, -41.95908499399996 -22.09864700565833, -41.96261461799998 -22.09557623565822, -41.96080612999997 -22.09298289565819, -41.96289310399994 -22.08409079465799, -41.96136259899999 -22.07792633865779, -41.95983515699992 -22.07668861265778, -41.95453302499993 -22.07675721165782, -41.94727907799994 -22.07136148065767, -41.94230729899993 -22.07019146865764, -41.94025118799993 -22.06403360165749, -41.93736020399996 -22.06185078465742, -41.93472262799997 -22.05669172465732, -41.92894749599997 -22.06089422665742, -41.92533451599996 -22.06017886265736, -41.92469190599996 -22.06234636165746, -41.92061356799996 -22.06366900665747, -41.92058025999994 -22.06515983565754, -41.90997156199995 -22.06793412265756)))"
3301504.0,Cordeiro,33,RJ,"MULTIPOLYGON (((-42.41432489799995 -22.03807802565687, -42.41163488799997 -22.03197823765675, -42.40617447599993 -22.03129954165671, -42.40122151599996 -22.02647242065659, -42.39894673699996 -22.02636372665659, -42.40195309699993 -22.01951272465646, -42.39720562799994 -22.01576325465636, -42.39297140899998 -22.01573303065637, -42.39233321999995 -22.01015607865623, -42.38956561999998 -22.00568084265609, -42.38768989999993 -22.00640061065613, -42.38440184799998 -22.0047078156561, -42.38514160099993 -22.00039545465597, -42.38419750499997 -21.99920561265596, -42.35617758099994 -22.00873944165616, -42.31798347799997 -21.99680271265591, -42.31160038599995 -22.03162636865671, -42.30503983899996 -22.02868762465663, -42.29876522299998 -22.02981546665665, -42.29636657299994 -22.04031949065692, -42.30028225099994 -22.04442181765701, -42.30140214999994 -22.05160188365717, -42.30249550199994 -22.05062163365714, -42.30650126799997 -22.05287666365723, -42.31141373599996 -22.05728477965728, -42.31017072699995 -22.06140299165745, -42.31194985799993 -22.0691827206576, -42.30986493799996 -22.07059252365765, -42.30946781099993 -22.07417064265773, -42.30617959499994 -22.07539379565777, -42.30286755099996 -22.08051674065787, -42.29926163299996 -22.08063985065788, -42.29741896099995 -22.08285979365792, -42.29283213799993 -22.08310998365792, -42.29201802599994 -22.08472629365799, -42.28546144999995 -22.08799465265807, -42.28270141399997 -22.08712097265807, -42.27750301399993 -22.09223200365815, -42.26930232999995 -22.08886039065808, -42.27586641199996 -22.09225787165816, -42.27882926899996 -22.09576923865822, -42.27536357799993 -22.09743070665828, -42.27675644299995 -22.10069022065833, -42.27363970399995 -22.10530125865844, -42.27589133799995 -22.10812432465853, -42.27215896599994 -22.1071296856585, -42.27154968099996 -22.10434690365845, -42.26644608199996 -22.10567890365848, -42.26539619999993 -22.11505265865871, -42.26266046299997 -22.11830055065876, -42.26401081799997 -22.12128909465884, -42.26959246599995 -22.12137976365883, -42.27437336699996 -22.11781351865874, -42.28999254899998 -22.11299490565863, -42.29327163099998 -22.11339264365864, -42.29786500099994 -22.11660318165874, -42.30056368599998 -22.12196666965886, -42.30484546999996 -22.11795005765876, -42.30903846599994 -22.11719875465876, -42.31076177099993 -22.11112587565863, -42.31595082699993 -22.10951426865855, -42.32433975799994 -22.11470124565866, -42.32424898599992 -22.11998309065881, -42.32592577899993 -22.11955915165882, -42.32821977499997 -22.12208792365888, -42.33073815799997 -22.12152696865885, -42.33419889499992 -22.1253765566589, -42.33710189199996 -22.12353723965891, -42.34273985599997 -22.12431465765892, -42.34333961599997 -22.11290494265863, -42.34813086099995 -22.10787974265853, -42.34561908599994 -22.10598907165849, -42.39846562099995 -22.05991261365737, -42.41432489799995 -22.03807802565687)))"
3301603.0,Duas Barras,33,RJ,"MULTIPOLYGON (((-42.56483527899995 -22.03884479465686, -42.56305891099998 -22.02938874665664, -42.56989754699998 -22.02562656365658, -42.57428495199996 -22.02577982665659, -42.57557473999997 -22.02724991565663, -42.57660703299997 -22.02498498165654, -42.57510085699993 -22.01980159665647, -42.57248232299997 -22.0191242626564, -42.57212231599993 -22.01352629865628, -42.57026060599997 -22.01038127865622, -42.56667347199993 -22.00886985865621, -42.56317339199995 -22.00387450665605, -42.56065303699996 -22.0040922026561, -42.56026150999997 -21.99933889465594, -42.55542684699997 -22.00193565965604, -42.55312347299997 -22.00151560965601, -42.55200653399992 -22.00003669365598, -42.54825531799997 -21.99926957565597, -42.54764954299997 -21.99666493565588, -42.54886549899992 -21.99496806565586, -42.54702125799997 -21.99341778965585, -42.55145638499993 -21.99186295165581, -42.54737011499996 -21.98419672765561, -42.55324593299997 -21.9758404936554, -42.55290130699995 -21.96940800365525, -42.55144851299997 -21.96759455065519, -42.55728637499993 -21.9668548956552, -42.55547876599996 -21.96187635165506, -42.55878278399995 -21.95782898465496, -42.55651519599996 -21.95595881865492, -42.55574404699995 -21.95194168165481, -42.55348169799998 -21.9523535516548, -42.55162094199994 -21.95456361065492, -42.54693911699997 -21.95214310265487, -42.54945144599998 -21.9495603166548, -42.54594686299998 -21.94277936165462, -42.54607935699993 -21.93795193065449, -42.54427232399996 -21.93550626165443, -42.54673481899994 -21.93037313165431, -42.54440785299993 -21.92908471265429, -42.54061096299995 -21.93084047365431, -42.53848968399994 -21.9287043996543, -42.53733585299995 -21.92554336265419, -42.53817923799994 -21.916175041654, -42.53489614899996 -21.91418541865391, -42.53398010899997 -21.91205378265387, -42.52981240199993 -21.91049033465388, -42.52770161799997 -21.90702067365378, -42.52548333199996 -21.90978007865385, -42.51814078499995 -21.91355196365395, -42.51202723299996 -21.91295637565392, -42.51135681999994 -21.90903645165382, -42.50900975399997 -21.90749698565378, -42.39846562099995 -22.05991261365737, -42.34561908599994 -22.10598907165849, -42.36219331099993 -22.11530059165868, -42.36593720799993 -22.11607001865872, -42.36797476199995 -22.1143117056587, -42.37548516199996 -22.11717986365872, -42.37808583899994 -22.12117469265883, -42.37812841899994 -22.12413887665892, -42.38549825399997 -22.12730852365898, -42.38786701299995 -22.13014085965902, -42.39377308499996 -22.12825791365901, -42.39185500599996 -22.12321816365888, -42.39660866299993 -22.11969073865883, -42.40167190399995 -22.12002657965881, -42.40384535999993 -22.11843911565877, -42.40736122299995 -22.12013274865881, -42.41231547799998 -22.11636073065871, -42.41844873499996 -22.11737096565875, -42.42083205199997 -22.11643665565873, -42.42308461299996 -22.11905113565879, -42.42350115799997 -22.11467931465866, -42.42754494499997 -22.11419524165867, -42.43390069999998 -22.1197308726588, -42.43958988599996 -22.12262396965887, -42.44564279099995 -22.11712350765876, -42.45425596499994 -22.11745001065876, -42.45549824499994 -22.1152924506587, -42.46418489899997 -22.11360200765865, -42.46734746799995 -22.1113048836586, -42.47123395299996 -22.11327031365862, -42.47187949899995 -22.11640262165872, -42.46890121799998 -22.12435960865892, -42.46584519999992 -22.12768835265897, -42.46349406999996 -22.128276211659, -42.46534664699993 -22.13064858565908, -42.52211426999997 -22.15994791365974, -42.52334175999994 -22.15880217765969, -42.52593210499999 -22.15953285365978, -42.52838762499993 -22.1585109556597, -42.52874895699995 -22.15626998265967, -42.53648953899994 -22.15748015065972, -42.54394032799996 -22.15449523665963, -42.54576148999995 -22.1574938966597, -42.55212495699993 -22.15849351765972, -42.55585326999994 -22.1632008836598, -42.55749720399994 -22.16364774365984, -42.55885024799993 -22.16120673965981, -42.56277946199998 -22.15991428665975, -42.57341826199996 -22.16349438965982, -42.57723799499995 -22.1407005736593, -42.58721642199998 -22.13981576665928, -42.59006000199997 -22.14190053665934, -42.59369844099995 -22.14176986165931, -42.60017155899993 -22.13795849465925, -42.60362041799993 -22.14057020965932, -42.60915356399993 -22.14056170065932, -42.61780211199993 -22.13334773665912, -42.61082001399996 -22.13101962365905, -42.60704442399997 -22.12704875165898, -42.61000786399995 -22.12066761565881, -42.60604510399997 -22.11832338365878, -42.60580196399996 -22.11524201765869, -42.60349354999994 -22.11417934765866, -42.60332379299995 -22.11067031665861, -42.59477310899995 -22.11117429365862, -42.59360677799998 -22.10740031665849, -42.59140189199995 -22.10589864265846, -42.59761604499993 -22.09672164965826, -42.59958984799993 -22.0979268786583, -42.60124442699998 -22.09673578465829, -42.60404347599996 -22.09728654065828, -42.60679253699993 -22.09144575865815, -42.60543724599994 -22.08684683865801, -42.60346427799993 -22.08368692465795, -42.60053760599993 -22.08332765265796, -42.59960507499994 -22.07844204665784, -42.59452936599995 -22.07845442565782, -42.59041168299995 -22.07564246265778, -42.58733079599995 -22.07596151565778, -42.58701424599997 -22.0737110176577, -42.58167008499998 -22.07100036965762, -42.57900899799994 -22.06730067065757, -42.57385702399995 -22.06426748465751, -42.57580429399997 -22.06058255265741, -42.57428189699993 -22.05750419565735, -42.57758131199994 -22.05445009765727, -42.57905930299995 -22.04755936165711, -42.57300107799995 -22.04839934965712, -42.57218818299997 -22.04553100265707, -42.56599950999998 -22.043235519657, -42.56483527899995 -22.03884479465686)))"
3301702.0,Duque De Caxias,33,RJ,"MULTIPOLYGON (((-43.25430853799997 -22.54303468066872, -43.26070194899995 -22.555356797669, -43.25811154599995 -22.55498055966898, -43.26079479099997 -22.56126410766912, -43.25548738499998 -22.57333264866943, -43.25566317099998 -22.57226849266943, -43.22501046299993 -22.5636331276692, -43.19844575299992 -22.61499394167039, -43.19812444699993 -22.62003309367051, -43.19438658499996 -22.62268922467056, -43.19464362999997 -22.62928671267072, -43.19889558199998 -22.63399384867081, -43.20160635699994 -22.63427459167082, -43.21063289899996 -22.64262458167101, -43.21744576999998 -22.65252315167128, -43.21922640599995 -22.66785211067161, -43.22484481299994 -22.67483087867178, -43.21856818599997 -22.68165424467193, -43.21802127499995 -22.68886536867208, -43.21534748699997 -22.69087070867217, -43.21573235099999 -22.69423319967221, -43.21777820299995 -22.69591444467229, -43.21571209499994 -22.69757543367229, -43.21677627199995 -22.69950818367237, -43.21502166899995 -22.70063722267236, -43.21486134399998 -22.70300403167245, -43.21842564399999 -22.70786214567255, -43.21821143999995 -22.70974714167261, -43.22166734799998 -22.71262561567267, -43.22162683599998 -22.72445509867293, -43.21224837999994 -22.72922947167302, -43.21224603999997 -22.73294398067312, -43.22165060099996 -22.7399131806733, -43.22661662699994 -22.74122759567329, -43.23122791799994 -22.73982636667324, -43.23225205099993 -22.7415085706733, -43.23818677299993 -22.74280166067332, -43.24055959499997 -22.74592247367341, -43.24446809899997 -22.74687809667341, -43.24478979399998 -22.74804441667348, -43.24269582499993 -22.74934394667349, -43.24799744299997 -22.75181748667354, -43.24834953299995 -22.7535921136736, -43.25189810499995 -22.7531653546736, -43.25228129699996 -22.75475041167363, -43.25787935199997 -22.75641365367369, -43.25923388099994 -22.76051451467377, -43.26260021799992 -22.75960721267372, -43.26194251699996 -22.76161310967378, -43.26464025199993 -22.75995530767371, -43.26325013399997 -22.7634529616738, -43.26693970899998 -22.76237076767377, -43.26535234999994 -22.76543132867387, -43.26813445499993 -22.76563306767387, -43.26726523199994 -22.7672696826739, -43.26977286799996 -22.76751662567388, -43.27020309399995 -22.77024677567401, -43.27320823299993 -22.77248927667401, -43.27284171699995 -22.77366534867405, -43.27398705199993 -22.77310860567403, -43.27315605399997 -22.77453761467406, -43.27862996399995 -22.78048630967422, -43.27541378099993 -22.78566724867436, -43.27717090599997 -22.78732478067436, -43.27679994199996 -22.79060799467446, -43.27578075399998 -22.78908756067438, -43.27210310199997 -22.79169271367449, -43.27618742499993 -22.79244687267451, -43.27130306699996 -22.79480186867456, -43.27124593199994 -22.8008417756747, -43.27364329199997 -22.79939194767465, -43.27264198899996 -22.80336850867473, -43.27687499699993 -22.80385940767476, -43.27911658799996 -22.80742934667481, -43.28702442199994 -22.80823880967483, -43.28851881599996 -22.81018982367492, -43.29118931399994 -22.81003516067487, -43.29572096399993 -22.80630855167482, -43.29920788299994 -22.8065783726748, -43.30026641199998 -22.80419149367478, -43.30303114299993 -22.80380112967475, -43.30394012999994 -22.8013064826747, -43.30699509399994 -22.79999443667467, -43.32547601399994 -22.80114949367471, -43.33091445399998 -22.80266584367472, -43.32921325599994 -22.78637121367435, -43.32840002099992 -22.73037357367307, -43.32720332799994 -22.72397368567292, -43.31978499399997 -22.70939837867256, -43.32709499399993 -22.70562288667248, -43.32620624599996 -22.6991547726723, -43.32732541099994 -22.69634588867226, -43.32976672599995 -22.69474943267225, -43.33557650699997 -22.69648852667225, -43.34067309599993 -22.69443672467222, -43.34690369999997 -22.69856561567231, -43.35065231499993 -22.69753088667232, -43.36547764399995 -22.685050068672, -43.36447280599998 -22.68066562967192, -43.37087500999996 -22.67342618367173, -43.38560004799994 -22.66869011967163, -43.39004535499998 -22.66506578767153, -43.39544489799993 -22.66389609767153, -43.40123486899994 -22.65681883967138, -43.40148799999996 -22.65214341567125, -43.38197282799995 -22.63011542967073, -43.38289262999995 -22.62735578367066, -43.38178473199996 -22.62266011567059, -43.38254935899994 -22.62036682767049, -43.38511963699995 -22.62018077167053, -43.38917825299995 -22.61500562567042, -43.39794496399997 -22.61245702267031, -43.40171310099998 -22.60982393467026, -43.40446938099995 -22.6118250496703, -43.40897904699994 -22.61017384867025, -43.41125437499995 -22.61067922567029, -43.41343705999998 -22.60554276067013, -43.41255732199993 -22.6035720536701, -43.41589897899996 -22.59939425967003, -43.41672710599993 -22.59535563566995, -43.41528630499995 -22.59293597966987, -43.40945006299994 -22.59051679866982, -43.40709667899994 -22.58802933066974, -43.40316933199994 -22.58770914666975, -43.39797362299998 -22.58082963966958, -43.39531362199994 -22.57903482966956, -43.39284950999996 -22.57914618266954, -43.39308568899997 -22.57791140666952, -43.38757584299997 -22.57543947766947, -43.38646533099995 -22.57211954866937, -43.39041685399997 -22.55851275166909, -43.39862388999995 -22.5512969166689, -43.40998385199998 -22.54460940066875, -43.40630884999995 -22.54227194666872, -43.40130737499994 -22.54197123466868, -43.40142884199997 -22.53340548866851, -43.39587600299994 -22.53113986166843, -43.38913045199995 -22.53229891366849, -43.38466297899998 -22.53047360566842, -43.38032576999995 -22.52680102066833, -43.37929383999994 -22.52339718266825, -43.37496639599993 -22.5206351956682, -43.37121218399994 -22.52255761066828, -43.36979482799995 -22.5259008376683, -43.36738304899995 -22.52683112566833, -43.36040421099994 -22.52584251666831, -43.35627334999997 -22.52218211266822, -43.35373971599995 -22.52293652466822, -43.34504452199996 -22.5204597426682, -43.33196589499994 -22.51922055666815, -43.33013224399996 -22.51674474966809, -43.33218418299997 -22.51251768566802, -43.32815757199995 -22.51091545466794, -43.31716225899998 -22.49704686566764, -43.31262883799997 -22.49534083066762, -43.30048898299998 -22.48356469866734, -43.29671147699997 -22.47575246166716, -43.29539544099998 -22.47550364566715, -43.23852235499993 -22.51152263366799, -43.23672185599997 -22.51555289466806, -43.23356237099994 -22.51657536966809, -43.23159813899997 -22.51438590966804, -43.22879802199996 -22.51774978866813, -43.22659289599994 -22.51623937766812, -43.22480248599992 -22.52128006366819, -43.22238814899998 -22.52156567566824, -43.22540644599996 -22.52493750866827, -43.22457458499997 -22.52702288166831, -43.22651560099995 -22.5295004426684, -43.23087701999999 -22.52760818266834, -43.23122687099993 -22.52438142566828, -43.23425291199994 -22.52274800666825, -43.24600520999996 -22.52703155266837, -43.25430853799997 -22.54303468066872)))"
3301801.0,Engenheiro Paulo De Frontin,33,RJ,"MULTIPOLYGON (((-43.69794379799998 -22.52323961566826, -43.68843479799994 -22.46304535666684, -43.68680340099996 -22.46414925966687, -43.68616307299993 -22.46338042166685, -43.68786126899993 -22.45844950666676, -43.65184548999996 -22.45855752466675, -43.58400880199996 -22.45510123966665, -43.57207240399998 -22.46114979366681, -43.56182166899997 -22.50005929166772, -43.59744622399995 -22.56807365266929, -43.62364001899994 -22.53933658566863, -43.62976829799992 -22.54061295666867, -43.63246713499996 -22.5388410376686, -43.63717969899993 -22.54198628766866, -43.63781791799993 -22.53948301266863, -43.63931826399994 -22.53983037766863, -43.64148471699998 -22.54053836466864, -43.64244212099993 -22.54330372066875, -43.65118143299998 -22.54471621266877, -43.65397797699995 -22.54751832666879, -43.65514737299997 -22.54609585066882, -43.65850935499997 -22.54802800166885, -43.66049604399995 -22.54826769166887, -43.66200931499997 -22.54679109466882, -43.66474830299994 -22.54853344666886, -43.66860603999992 -22.54829134366885, -43.66549830499996 -22.55188925666895, -43.66597475999998 -22.55393131666894, -43.66396257199994 -22.554836188669, -43.66507921199997 -22.55578476466902, -43.66433661699994 -22.55760403066903, -43.66729981999998 -22.55913677166908, -43.66768869799994 -22.56223038466917, -43.67229535699994 -22.56396935566925, -43.67217231999995 -22.56590617066924, -43.67477988699994 -22.56728316566926, -43.67538822699998 -22.5695212386693, -43.67091552299996 -22.57039865966938, -43.66878965099993 -22.56909454166935, -43.66336665099992 -22.57194195766941, -43.66146902899992 -22.57403372866943, -43.66176713099996 -22.57725286366951, -43.65907476799998 -22.58040667766954, -43.65997314899993 -22.58219580466964, -43.66182160399995 -22.58207736066963, -43.66251605399997 -22.58418420466965, -43.66575726199993 -22.5848185716697, -43.66733317399996 -22.58675091666973, -43.66883247799995 -22.58473524666971, -43.69169164299994 -22.57578905066948, -43.68921599499998 -22.57401337066942, -43.68751420499995 -22.56997165566935, -43.69002848599996 -22.57025022466935, -43.69119172399996 -22.56662327166929, -43.68835973199997 -22.56467326466923, -43.68837977499992 -22.56240010766919, -43.68272619299996 -22.5591781586691, -43.68148299299998 -22.55706204066906, -43.68175464199993 -22.55536678666903, -43.68591426299997 -22.55422248866896, -43.68729926099996 -22.5515499056689, -43.69098903499997 -22.55158893966889, -43.69110502699994 -22.55414171866901, -43.69549668699994 -22.55683772866904, -43.69524903699993 -22.5584721906691, -43.70313240799992 -22.56185327266915, -43.70473549899997 -22.56399016266924, -43.70772704199993 -22.56483315366922, -43.70884143499995 -22.56317236666919, -43.71229526199994 -22.56274378566917, -43.70925481499994 -22.55628658166902, -43.71199453999996 -22.55075170466887, -43.70808478299994 -22.54686550066883, -43.70395466699995 -22.54625371466878, -43.70193242199996 -22.54329724066872, -43.70249774099995 -22.5386625466686, -43.70163284799997 -22.53706395766855, -43.70016428899999 -22.53729586066861, -43.69794379799998 -22.52323961566826)))"
3301850.0,Guapimirim,33,RJ,"MULTIPOLYGON (((-43.01419592899998 -22.57531440966945, -43.01786653299995 -22.52630870566835, -43.02185853199995 -22.52768744466839, -43.02375389399997 -22.52290239866821, -43.02170590799994 -22.51691490166811, -43.02417418199997 -22.51423582166803, -43.02833181399995 -22.51371166166802, -43.02661369499997 -22.50682508366789, -43.02717823099994 -22.50043297066773, -43.03568576599996 -22.49318103466758, -43.04306999899995 -22.49095152366754, -43.04467185999993 -22.49158979166755, -43.04675327599995 -22.48855924366745, -43.05298138899995 -22.48749246866745, -43.05533070499995 -22.48926605366744, -43.05634745199995 -22.48745784366741, -43.06154702299995 -22.48576586266736, -43.06263840299993 -22.48343563766732, -43.05970924499996 -22.48373444666735, -43.05792153499993 -22.48133994366728, -43.05434827099998 -22.48037620066726, -43.05577510199998 -22.47665497466714, -43.05813214299996 -22.47508298866713, -43.05489450999993 -22.47043569666706, -43.05530862599994 -22.46776226066698, -43.05025164899995 -22.46522367566689, -43.04730868499996 -22.46020763866677, -43.04360451699995 -22.45950105466675, -43.04038405899995 -22.45642699166669, -43.03603681699995 -22.45946506166678, -43.03501266799997 -22.46248816966687, -43.02556967899994 -22.46031341566682, -43.02439145399996 -22.46280998066686, -43.01937722799993 -22.46300771166682, -43.01649116799995 -22.46710197766697, -43.00957400899995 -22.46277034266683, -42.99982098299994 -22.45967473966681, -42.99609191599995 -22.46167462466682, -42.98479709499997 -22.46265855366687, -42.98277763999993 -22.46359098866688, -42.98069008399994 -22.46809262466696, -42.97815918899994 -22.468611235667, -42.97668721799993 -22.47093708066703, -42.97058644499997 -22.47117240466705, -42.96892599999995 -22.46781171966694, -42.96377972999993 -22.46415726966687, -42.95584043199995 -22.46574742866689, -42.95609339499998 -22.46234040866683, -42.95410131399996 -22.45950023066677, -42.95514375899995 -22.45774067866672, -42.94538680599992 -22.45518803266669, -42.94295106599998 -22.4573192086667, -42.94077134899993 -22.45717011966672, -42.93380342499994 -22.44933707066654, -42.92991115799997 -22.4480972396665, -42.92664452099995 -22.45045693866655, -42.92659927299997 -22.45297408966661, -42.92490471099995 -22.45397257866664, -42.91818864699996 -22.45100654866659, -42.92068144999996 -22.45610651466667, -42.92298144099993 -22.46949467566701, -42.92149777799994 -22.47598292566718, -42.91556054599993 -22.48127003266728, -42.90615752799993 -22.49820498966766, -42.90211490799992 -22.50089185066775, -42.89506997899997 -22.50171871366775, -42.89391529399994 -22.5041257736678, -42.89127631299992 -22.50262214766778, -42.88944998999994 -22.50485804366783, -42.88838310799997 -22.50837069166794, -42.88936099599994 -22.51108586766798, -42.88812551699993 -22.51215700366803, -42.89171719399996 -22.5156336896681, -42.89425125099996 -22.51568597466808, -42.89556115299996 -22.51822957666813, -42.89854351899992 -22.5180735726681, -42.89873094899996 -22.51987447666815, -42.89201283699997 -22.5254169296683, -42.89279242399993 -22.53064756766844, -42.89100610099996 -22.53443898966853, -42.89125179699993 -22.53776081666858, -42.88722785399995 -22.54118652166866, -42.88581773399994 -22.54802274066886, -42.87599619999997 -22.55376209266895, -42.87481966899998 -22.55702097066903, -42.87086712199994 -22.5593153186691, -42.86555126099994 -22.56786821966926, -42.86547377399994 -22.57119375366934, -42.88315084699996 -22.58212706666962, -42.88759340399997 -22.59217826966983, -42.90713269099996 -22.60119351967004, -42.91069833099993 -22.61929901767048, -42.90318202499997 -22.62548339067062, -42.89928576599993 -22.63862160567095, -42.90559197299994 -22.65438010367129, -42.91172004899994 -22.65556691867134, -42.91199967599994 -22.67234498967171, -42.91744350099998 -22.67577025067181, -42.91827853899997 -22.68073835967192, -42.92169378999994 -22.68476371467198, -42.93476525099994 -22.69244027867216, -42.93597831399995 -22.69433419067222, -42.93374774399994 -22.69837770267231, -42.93935475099994 -22.69948823367235, -42.94576407999994 -22.71029332867262, -42.94859878299997 -22.71233503467268, -42.95541209999993 -22.71345133467267, -42.95730689599997 -22.71544015067272, -42.95963028699997 -22.7149492576727, -42.95894105099995 -22.71859270967277, -42.96055378699998 -22.72128410467284, -42.96276546699994 -22.72136919767285, -42.96242172199992 -22.72530168667297, -42.96733788699999 -22.72176169367286, -42.96946756799997 -22.72868090267303, -42.97441916399998 -22.73161412967311, -42.97799579699994 -22.72664203367296, -42.98816036299996 -22.72875588867304, -42.99399880899994 -22.72744673067297, -42.99698360499997 -22.72046236867286, -43.00147760199996 -22.71637950267271, -43.00618184499996 -22.71458837667269, -43.01411103599997 -22.7189170506728, -43.01441424299997 -22.72519463267294, -43.01652181499997 -22.72592107367294, -43.02034700399997 -22.72515409367295, -43.02590087499993 -22.72612064167297, -43.03127899399993 -22.71827662867278, -43.03319132199994 -22.71828021767279, -43.03436718799998 -22.71658879067273, -43.03528063999993 -22.70881680467257, -43.03282919799995 -22.70561760867249, -43.03007402399993 -22.70480191967248, -43.03698253499994 -22.70151700367239, -43.03613652499996 -22.69820004967233, -43.03256813399997 -22.69376050467221, -43.03891248199994 -22.69261677867217, -43.03613376099997 -22.68432254067201, -43.03781881699995 -22.68333978967197, -43.03634186799997 -22.68181248167194, -43.03646132599994 -22.67941031467184, -43.03001486899996 -22.6720962526717, -43.02764835299995 -22.66582194567155, -43.02253091099993 -22.66529017967154, -43.02076835999997 -22.64985027867122, -43.01206860699995 -22.63509600867085, -43.00964646999994 -22.63605357367088, -43.01419592899998 -22.57531440966945)))"
3301876.0,Iguaba Grande,33,RJ,"MULTIPOLYGON (((-42.25240199899997 -22.79695457067462, -42.25388559999993 -22.79198520367448, -42.20911073399998 -22.78523588967436, -42.20708676099996 -22.78183956467423, -42.20400483299994 -22.7802101726742, -42.19697651799999 -22.7926019226745, -42.20032849599994 -22.79519656867453, -42.19972933399998 -22.79691928467459, -42.19386082099992 -22.80179227967472, -42.19686056699992 -22.80470238967476, -42.19272939999996 -22.81390453167495, -42.19242981499996 -22.82157923267517, -42.17665801599997 -22.82759245567529, -42.21166837499992 -22.87773241467647, -42.23065420999995 -22.87280570367635, -42.23723877899993 -22.86244504067611, -42.24925494899997 -22.84838989167578, -42.23949336199997 -22.84019242367559, -42.25240199899997 -22.79695457067462)))"
3301900.0,Itaboraí,33,RJ,"MULTIPOLYGON (((-43.02966571699994 -22.74684882467347, -43.03134227699996 -22.74681415267343, -43.03273483299994 -22.74238742567331, -43.03072771099993 -22.74038842767332, -43.02727941299997 -22.74351034967339, -43.02966571699994 -22.74684882467347)), ((-42.94340889299997 -22.70671010667251, -42.93935475099994 -22.69948823367235, -42.93374774399994 -22.69837770267231, -42.93597831399995 -22.69433419067222, -42.93476525099994 -22.69244027867216, -42.92169378999994 -22.68476371467198, -42.91827853899997 -22.68073835967192, -42.91744350099998 -22.67577025067181, -42.91199967599994 -22.67234498967171, -42.91172004899994 -22.65556691867134, -42.90382328599997 -22.65492729667134, -42.88831763499996 -22.64978577767122, -42.87954281499998 -22.64540618667109, -42.85834436699997 -22.64182210167099, -42.84518697599997 -22.6361812266709, -42.82468894499993 -22.63908650767095, -42.80292361899995 -22.63555230967085, -42.79771567799997 -22.63878643467093, -42.78963271899994 -22.63465046967084, -42.74722203699997 -22.68653258367206, -42.74647761799996 -22.69178861167216, -42.74929218599993 -22.69438586167222, -42.74578504799996 -22.70296760467244, -42.74839579099994 -22.7058701426725, -42.74959935799996 -22.7114785646726, -42.75241509599993 -22.71279639067263, -42.75615639599993 -22.71744545667276, -42.76115060899996 -22.71828529267279, -42.75948657099996 -22.71894933367279, -42.75807113199993 -22.72340088867289, -42.76254745799997 -22.72711287767298, -42.76342094199997 -22.73930371767323, -42.79742382099994 -22.73694100867322, -42.80340067199995 -22.74344012967337, -42.80058135399997 -22.74431562967341, -42.79537076799994 -22.74921167867349, -42.79625772699995 -22.75171436467356, -42.80011010899995 -22.75256248767358, -42.79872221899995 -22.75511492167366, -42.79179031499996 -22.75174051767355, -42.78904725399996 -22.75658683467367, -42.78764324599996 -22.75593741767361, -42.78844961899994 -22.75750310767366, -42.78685236499996 -22.75940919667376, -42.78888586799997 -22.76262244067383, -42.78792028199995 -22.76387844267384, -42.78866013899994 -22.76925434067398, -42.79122461599996 -22.77185786267399, -42.78330662399997 -22.77526167867407, -42.78325326599996 -22.77787459267413, -42.78983159099993 -22.78731546867439, -42.79692332899998 -22.78684637967435, -42.79902314799995 -22.79034792567441, -42.79854851899995 -22.79336191367451, -42.80307319599995 -22.79419667067454, -42.80136593899993 -22.7977240996746, -42.79804996999996 -22.80030958867466, -42.79203526999998 -22.80011207267465, -42.78835943899996 -22.8030452376747, -42.78427695699997 -22.80399560967477, -42.77886893899993 -22.80287425667472, -42.77589747499996 -22.80051131567465, -42.77080844299996 -22.80059965067469, -42.76186460399997 -22.79797661467459, -42.76017398599998 -22.79878143767464, -42.75764703199996 -22.79665815767459, -42.75246741399996 -22.79855364767463, -42.75027843799995 -22.80239226867471, -42.74122335599997 -22.80390199267475, -42.73892128199998 -22.8067461926748, -42.73630315099996 -22.80664088467479, -42.73775152199994 -22.81258959467498, -42.74192543799995 -22.81436507267498, -42.74668606099993 -22.82173969767515, -42.74862983299993 -22.82255099467521, -42.74682968999996 -22.82422826267523, -42.74292264999996 -22.82267307367521, -42.74325273399994 -22.82809393067531, -42.73945292099995 -22.83138000267537, -42.73673220999995 -22.83191768667538, -42.73629454799993 -22.83573054967548, -42.73348491199994 -22.83665575867549, -42.73409875799995 -22.84282007267563, -42.73718520099992 -22.84590642767569, -42.74427271599995 -22.84711195467575, -42.74889597199995 -22.85208812767585, -42.75647841399996 -22.85037825867583, -42.76108326399997 -22.84605853467571, -42.76116575599998 -22.8442567526757, -42.76729001499995 -22.84266991767565, -42.78126338699997 -22.84882461767576, -42.78671598799996 -22.84772897567574, -42.79462459699993 -22.84900417667579, -42.79718189499993 -22.84976836767582, -42.79746125799993 -22.85212037767586, -42.80019752899994 -22.85371460767591, -42.81133321099996 -22.85662135067597, -42.81527094599993 -22.85892471467602, -42.81988144299998 -22.85980498267604, -42.82430199499997 -22.85901982367606, -42.82932661399997 -22.86304455267611, -42.82985678999994 -22.8680719356762, -42.83580488999996 -22.8706154586763, -42.84243020999996 -22.87104224067628, -42.84711932499993 -22.87278954067632, -42.85355607899992 -22.87125595367631, -42.85739363999993 -22.87710262267642, -42.86144409299993 -22.87663098667642, -42.86403200499996 -22.87220430967634, -42.86830693499996 -22.87205773567631, -42.87133073099994 -22.86874889367627, -42.87407178099993 -22.87038800867628, -42.87864030699996 -22.87035800767625, -42.88177603699994 -22.86814055667623, -42.88594084899994 -22.8676751756762, -42.90612950699993 -22.81689345367506, -42.91373991699992 -22.81687401967504, -42.91582773599998 -22.8197016506751, -42.92013817399992 -22.81970778467511, -42.93869094699994 -22.80259907667475, -42.93904938599996 -22.80013769467466, -42.94322106599996 -22.79483514167455, -42.94142108999994 -22.7884838936744, -42.94231352599996 -22.78071479767423, -42.94032005599995 -22.77667189767415, -42.94404684899996 -22.76952281167395, -42.95020217699993 -22.76939345567394, -42.95440399099994 -22.76425603667384, -42.96140945599996 -22.76029179067374, -42.96160690399994 -22.7588101016737, -42.97720848799997 -22.75560425867364, -42.98766900299995 -22.74992975367351, -42.99115578099997 -22.7496230296735, -42.99239237499995 -22.74315688467336, -42.99736059399997 -22.74139369367332, -42.99306155199996 -22.73735920467323, -42.99708468699998 -22.73419317567314, -43.00080195199996 -22.73477068867318, -42.99961986799997 -22.73735902067319, -43.00080427399996 -22.73861346667324, -43.01028235599994 -22.73633048467319, -43.01235848599998 -22.74126688267329, -43.01783794899995 -22.74377973667336, -43.02230733699997 -22.73996924267329, -43.02662580499997 -22.74309107467333, -43.02889950099995 -22.7410494636733, -43.02916126899999 -22.72629469267297, -43.01475221899993 -22.72549085867293, -43.01448149399994 -22.71950417367281, -43.00870248299997 -22.71505964067268, -43.00618184499996 -22.71458837667269, -43.00085883599996 -22.71683581267273, -42.99617745599994 -22.72159842467288, -42.99399880899994 -22.72744673067297, -42.98816036299996 -22.72875588867304, -42.97799579699994 -22.72664203367296, -42.97460823399996 -22.73164533067308, -42.96946756799997 -22.72868090267303, -42.96733788699999 -22.72176169367286, -42.96242172199992 -22.72530168667297, -42.96276546699994 -22.72136919767285, -42.96055378699998 -22.72128410467284, -42.95894105099995 -22.71859270967277, -42.95963028699997 -22.7149492576727, -42.95753231399993 -22.71549937567274, -42.95541209999993 -22.71345133467267, -42.94815749399992 -22.71212602367263, -42.94340889299997 -22.70671010667251)))"
3302007.0,Itaguaí,33,RJ,"MULTIPOLYGON (((-43.83479657399994 -23.11577123068189, -43.83623237699992 -23.11647002968193, -43.83662685399997 -23.11634018468192, -43.83542952599999 -23.11503923168189, -43.83479657399994 -23.11577123068189)), ((-43.66779708999997 -23.05305891568047, -43.78366414899995 -23.06268731468069, -43.85901164799998 -23.07274475268091, -43.86453889399996 -23.04526914768028, -43.84210129199993 -23.05438769068048, -43.82838964799999 -23.05815178168055, -43.80634134199993 -23.06133094068065, -43.75399410199997 -23.05975700768063, -43.72488153299997 -23.05587740768055, -43.69573782899993 -23.05064679268041, -43.66663827299993 -23.04257268068026, -43.66779708999997 -23.05305891568047)), ((-43.87600467199996 -22.95923552967832, -43.87635137199993 -22.9591676076783, -43.87574649099997 -22.9590113856783, -43.87579074999996 -22.95910647667829, -43.87600467199996 -22.95923552967832)), ((-43.85475792499994 -22.94193990167791, -43.85488348999996 -22.94191013367793, -43.85393693999998 -22.94116889267789, -43.85405522199994 -22.9416615336779, -43.85475792499994 -22.94193990167791)), ((-43.86370235299995 -22.95547749067824, -43.86396002499998 -22.95571465067822, -43.86488254399995 -22.95553613567822, -43.86387602599996 -22.95545816367824, -43.86370235299995 -22.95547749067824)), ((-43.87673074999997 -22.92286336267746, -43.87694437399995 -22.92271730067745, -43.87659166899992 -22.92255630267751, -43.87664864299995 -22.92280265967748, -43.87673074999997 -22.92286336267746)), ((-43.85949817799996 -22.94525297767797, -43.86065279099994 -22.94731506767807, -43.85999851299994 -22.95024260167812, -43.85577758799997 -22.95045270767812, -43.85752583099997 -22.95185219867817, -43.85753475299997 -22.95486410467823, -43.86324482699996 -22.95568593767822, -43.86081302999997 -22.9544270336782, -43.86241196799994 -22.95213411567818, -43.86086482699994 -22.95055227467813, -43.86367937199997 -22.95047695467812, -43.86367557999994 -22.94766956867808, -43.85949817799996 -22.94525297767797)), ((-43.86499654099998 -22.945083801678, -43.86503212999996 -22.945926289678, -43.86655054099997 -22.94562049967803, -43.86595007899995 -22.94444319167797, -43.86499654099998 -22.945083801678)), ((-43.85704618699997 -22.94534093467799, -43.85743613799996 -22.94574825067802, -43.85901137999997 -22.94622238167801, -43.85805884099995 -22.94549003467798, -43.85704618699997 -22.94534093467799)), ((-43.86873121399999 -22.92724527867758, -43.86896250299997 -22.93016035967765, -43.87121582199995 -22.93075747967769, -43.87809794099996 -22.93972559667787, -43.87760785899997 -22.94174035667793, -43.87523994299993 -22.94259939367796, -43.87726599199993 -22.94354775967796, -43.87695932999998 -22.94623699567801, -43.87358062199996 -22.94574171067799, -43.87309540399996 -22.94802745267808, -43.87999417599996 -22.95070603467812, -43.87997972099998 -22.94918631767806, -43.88222375599997 -22.94874142867807, -43.88246018999996 -22.92484288767753, -43.87740811999998 -22.92581756867755, -43.86994783399995 -22.92429776967754, -43.86817116599996 -22.92557459767758, -43.86873121399999 -22.92724527867758)), ((-43.81036965699995 -22.92532980667757, -43.81297994299995 -22.92603472867755, -43.81319448599992 -22.92460571367753, -43.80931252299995 -22.92276570367751, -43.81036965699995 -22.92532980667757)), ((-43.81325493499997 -22.92099155667743, -43.81429489399995 -22.92065615667743, -43.81067906499992 -22.91933574667741, -43.81095804499995 -22.9198846796774, -43.81325493499997 -22.92099155667743)), ((-43.86463810899993 -22.92499851067756, -43.86355066199997 -22.92543731367757, -43.86617789499996 -22.92547553167753, -43.86502832499996 -22.92458412267751, -43.86463810899993 -22.92499851067756)), ((-43.87586246699993 -22.9240148226775, -43.87626596199993 -22.92444148167754, -43.87674234799993 -22.92421666167752, -43.87621083199996 -22.92339491567752, -43.87586246699993 -22.9240148226775)), ((-43.84070736699993 -22.90664287267713, -43.84067062699995 -22.9060095416771, -43.84013528299994 -22.90562760767708, -43.84016677399995 -22.90602887967711, -43.84070736699993 -22.90664287267713)), ((-43.84179872099998 -22.90655977767709, -43.84222893199995 -22.90646761867712, -43.84154859799997 -22.90607133367709, -43.84160862799995 -22.90646761867712, -43.84179872099998 -22.90655977767709)), ((-43.83936375699994 -22.90588384167707, -43.83964717499997 -22.90585483367713, -43.83978363499994 -22.90558409567707, -43.83940049599995 -22.90561310267708, -43.83936375699994 -22.90588384167707)), ((-43.83969441099998 -22.90599987167711, -43.83999882199998 -22.90594669167707, -43.83990959899995 -22.90551641067709, -43.83967341699996 -22.90589351067709, -43.83969441099998 -22.90599987167711)), ((-43.84085957299992 -22.90735355367713, -43.84112199599997 -22.90722785567714, -43.84099603299995 -22.90708765267714, -43.84057615499995 -22.9073003746771, -43.84085957299992 -22.90735355367713)), ((-43.83863946799993 -22.90584516467711, -43.83892288499992 -22.90567111867706, -43.83899636399995 -22.90544872567706, -43.83870769799994 -22.90562760767708, -43.83863946799993 -22.90584516467711)), ((-43.83925878699994 -22.90605788667709, -43.83944248499995 -22.90599020267708, -43.83916431499994 -22.90578231467709, -43.83914856999995 -22.90595152567712, -43.83925878699994 -22.90605788667709)), ((-43.84022975599998 -22.90639147467713, -43.84030848199995 -22.90625127067708, -43.84008804699994 -22.90609172967711, -43.84005655599997 -22.90620292567709, -43.84022975599998 -22.90639147467713)), ((-43.83856074099997 -22.90556475767712, -43.83868145599996 -22.90556959167711, -43.83874968599996 -22.90541004867708, -43.83862897099993 -22.90541971867709, -43.83856074099997 -22.90556475767712)), ((-43.84247610199997 -22.90653651167711, -43.84260206599998 -22.90651233867713, -43.84252858699995 -22.90636246667712, -43.84242886599998 -22.90644465467707, -43.84247610199997 -22.90653651167711)), ((-43.84121121999993 -22.90763395767716, -43.84134768099994 -22.9076194546771, -43.84135817699995 -22.9075082596771, -43.84117972899997 -22.90751309467716, -43.84121121999993 -22.90763395767716)), ((-43.84111149899996 -22.90744057567712, -43.84127420099997 -22.90742607267714, -43.84126370499995 -22.90731487767714, -43.84113774099995 -22.90732454667711, -43.84111149899996 -22.90744057567712)), ((-43.93819453299994 -22.8882990236767, -43.93774191599993 -22.88406268867662, -43.93956207799993 -22.87870267467647, -43.93418341799997 -22.87741435867645, -43.93377196099994 -22.87487183867637, -43.92972491199998 -22.87400900567635, -43.92639647199996 -22.86967557267624, -43.92515977999993 -22.86345437667611, -43.91799813699998 -22.85703111867597, -43.91703941599997 -22.85263138867587, -43.91245467499994 -22.84978772567579, -43.91277247499993 -22.84807524267575, -43.91019067199993 -22.84474873867569, -43.91089573399994 -22.8405342226756, -43.91335383699992 -22.83708914267554, -43.90825503699995 -22.83157673467539, -43.90379128999995 -22.83008115767535, -43.89847821699993 -22.83317714267543, -43.89445096599997 -22.83099337467537, -43.88849890499994 -22.82409731667521, -43.88900150499994 -22.82210845167518, -43.87904646799995 -22.81605935567501, -43.87858243299996 -22.81316157667498, -43.88008484699997 -22.81147355267493, -43.87770961299997 -22.81012549667489, -43.87259629499994 -22.80915381367488, -43.86986861499997 -22.80695808667482, -43.86220572399997 -22.80579815567477, -43.85864818999993 -22.80279423267471, -43.84944695499996 -22.80187366367474, -43.84242505999997 -22.79853061467465, -43.83810093899996 -22.79801854967461, -43.83775994799998 -22.79586221267458, -43.83247885599997 -22.79319460567448, -43.83015445499995 -22.78790066967438, -43.82237420699992 -22.78223514467428, -43.81958492699993 -22.77810527467413, -43.82014243099996 -22.77711813867412, -43.81245110199996 -22.771782444674, -43.81443173899999 -22.76989672067397, -43.81967820799996 -22.76944917967394, -43.82218117499996 -22.76639329667388, -43.82998673299993 -22.76736603267387, -43.83181680099994 -22.76313395967382, -43.83595978699997 -22.76295300467381, -43.83508514199996 -22.7610660806738, -43.83983497499998 -22.75590532867368, -43.83560573299996 -22.75226762667354, -43.83594085599998 -22.7453331406734, -43.83164711099994 -22.74043152767328, -43.83362194999994 -22.7356718076732, -43.83064941299994 -22.73165310967311, -43.83277200599997 -22.73115030267306, -43.83254502699998 -22.72968913567303, -43.81780343199995 -22.71760310367274, -43.81254678599998 -22.71053895167258, -43.80779902199998 -22.71055410067261, -43.79127517699992 -22.69572209267229, -43.78415269699997 -22.69235702367217, -43.77913999899993 -22.69447541067221, -43.77201824199994 -22.69299550567218, -43.76379699899996 -22.69948473467235, -43.75871986699997 -22.70101789967239, -43.75129594499998 -22.70016631367236, -43.73911766399993 -22.70601117667249, -43.73752898099996 -22.70772852667255, -43.73883223299997 -22.71107671267263, -43.74143954999994 -22.71165128667263, -43.74346696399994 -22.71411195667269, -43.74205393499994 -22.71574302567272, -43.74438557399996 -22.71819025267277, -43.74565711499997 -22.72361332967288, -43.74855557999995 -22.72495719367294, -43.75271720999996 -22.7310019856731, -43.75562458399997 -22.72924846567303, -43.76515554199994 -22.72929858467301, -43.76589642299996 -22.73393931567312, -43.77089915899995 -22.73955669767326, -43.77237859899998 -22.74385513167339, -43.76851792499996 -22.74439859767335, -43.77312494899996 -22.74985681467349, -43.77370900499995 -22.7543341056736, -43.77012173599996 -22.75334317967359, -43.76636981199993 -22.75475682667363, -43.76612140699994 -22.75665922067365, -43.77332048299996 -22.75871377967372, -43.77494769899992 -22.76217130267378, -43.77276440499997 -22.76602485767386, -43.77311755299996 -22.76890997267395, -43.77972347399997 -22.770062878674, -43.78277184999995 -22.76889016667395, -43.79727763299996 -22.77336743667404, -43.79953691699995 -22.78350774767426, -43.80282728399993 -22.78535699867431, -43.80406372199996 -22.78948151167443, -43.80188335199994 -22.80007986267467, -43.80280099299994 -22.8022429826747, -43.79556911399994 -22.80946153167486, -43.79326812999994 -22.80944457367488, -43.78877401899996 -22.81290387767494, -43.78500456499995 -22.81839105667506, -43.78169635299997 -22.81711866767503, -43.77797461499994 -22.82009287767514, -43.77195541299994 -22.82039609867512, -43.76724711299993 -22.82502944667525, -43.76590703099998 -22.82903675967535, -43.67478685899993 -22.86480319167615, -43.67698317799994 -22.86550616967618, -43.68105339399994 -22.86267739867609, -43.68972086899998 -22.86524117667613, -43.69737962099998 -22.86473539867613, -43.70652413699997 -22.86861319967628, -43.71153013499997 -22.86677534867623, -43.71760076299994 -22.87248720567635, -43.72689030599997 -22.87303908567636, -43.73434520799999 -22.8783253546765, -43.74126625299994 -22.87712851567645, -43.74822711399997 -22.87793319467649, -43.75219785499996 -22.88058399567652, -43.75071507199993 -22.88775653567666, -43.75161912599999 -22.88873583767671, -43.76672712599998 -22.89526778367686, -43.77304747799997 -22.89250219167677, -43.77459944399994 -22.89272007667676, -43.77515589899997 -22.89580134867688, -43.77827506699997 -22.89618213967689, -43.78021126799995 -22.89470182967682, -43.78167954799994 -22.89929545967697, -43.78432094999994 -22.90008540667697, -43.78468740099999 -22.90397668267703, -43.78834787099998 -22.90060806667698, -43.78982051599996 -22.90356033667704, -43.79480750399994 -22.90353140267704, -43.79535562499995 -22.90673086567708, -43.79224960799996 -22.90831274767717, -43.79074706499994 -22.91432925167731, -43.79602575099994 -22.91707533467735, -43.80086776299999 -22.91673659967731, -43.80143663299997 -22.92451163267754, -43.80762227099996 -22.92340976767751, -43.80666644899997 -22.91876589667741, -43.81022244699994 -22.91756900467738, -43.81728257999998 -22.92067025367746, -43.83203527999996 -22.93119059367767, -43.83463199899995 -22.9316596136777, -43.84228226499993 -22.93216724267768, -43.84380066099993 -22.92948588567765, -43.84935741899994 -22.9316335596777, -43.85043124199996 -22.92992744867763, -43.84823910499994 -22.92872628367762, -43.84921927199997 -22.92639164667756, -43.85303732699998 -22.9270136056776, -43.85116891899997 -22.92524483867755, -43.85221294399997 -22.92449789567752, -43.85046910199998 -22.92050609767741, -43.85417650999994 -22.91918050867741, -43.85394177599994 -22.91815915867739, -43.85030788799998 -22.91682363767734, -43.84567600099994 -22.91716643167734, -43.83891126399993 -22.91164227467724, -43.83952060299998 -22.90991229467721, -43.83821253699993 -22.90934026567718, -43.84113252699996 -22.90755956667714, -43.84027957599994 -22.90738840267717, -43.83986105299994 -22.9061261206771, -43.83821541399992 -22.90644521867709, -43.83737753999997 -22.90395378867706, -43.84185685399996 -22.901732530677, -43.84565708799994 -22.90170651767702, -43.85117269999995 -22.9043439306771, -43.85207284699993 -22.90274975867703, -43.85676600499993 -22.901869496677, -43.86748898999996 -22.90390293867704, -43.86715408999999 -22.90516707667707, -43.87094103599997 -22.90532392767705, -43.87985526499994 -22.91164695867722, -43.88064208099996 -22.91577667467734, -43.88564460699996 -22.88558695467664, -43.88732244999994 -22.88412935467662, -43.89302231499994 -22.88180921367652, -43.90584015499996 -22.88618839167666, -43.91325626799994 -22.8845401456766, -43.92247141699993 -22.89043401567676, -43.92109602399994 -22.89311803567679, -43.92242271399993 -22.89431478567683, -43.92792862399994 -22.89446911967684, -43.93489360199992 -22.8927594096768, -43.93819453299994 -22.8882990236767)))"
3302056.0,Italva,33,RJ,"MULTIPOLYGON (((-41.70367326999996 -21.37345550164098, -41.70314588199994 -21.36761354664085, -41.70020540499997 -21.36486837464077, -41.70119162499997 -21.36372057964076, -41.69982432099994 -21.36179698764067, -41.69700849499998 -21.36003129764067, -41.69303800399995 -21.36036644664065, -41.69271915999997 -21.35761240064057, -41.69065530599994 -21.35550480264052, -41.68592676599997 -21.3537741606405, -41.68082221799995 -21.34943680564043, -41.67046703499994 -21.34565451064032, -41.66797187199995 -21.34580762464032, -41.66461730899993 -21.34952617664036, -41.65028286199998 -21.35819692264059, -41.64724256899996 -21.35682313964059, -41.65046101499996 -21.35264839564047, -41.64937911499992 -21.35190542764047, -41.65049378599996 -21.34824660964034, -41.64810845699997 -21.34595092464033, -41.64355541799996 -21.35069212664042, -41.63944694099995 -21.35126455264045, -41.63638690299994 -21.35345848164051, -41.63397302599997 -21.34944029864038, -41.63019395399994 -21.35590610264056, -41.62197328199994 -21.3581880206406, -41.62194140999997 -21.35150898464044, -41.62552154099996 -21.34008278064013, -41.62138862399996 -21.34054744064018, -41.61914411399994 -21.33923264264015, -41.61742145799997 -21.34009973564018, -41.61263449099994 -21.33325551663999, -41.61032759399995 -21.33365400164002, -41.60992993899998 -21.33187325563996, -41.60677314399992 -21.33002871963991, -41.60314160099994 -21.33050322463997, -41.60254198599994 -21.32935303963991, -41.58902770699995 -21.32609964263986, -41.58507153599993 -21.31738290663964, -41.55105479499997 -21.42904962864234, -41.56587284199998 -21.44347075064266, -41.56956568499992 -21.4458224326427, -41.57466508299994 -21.44683639964274, -41.57453897999994 -21.44962282564281, -41.57952836899995 -21.455748908643, -41.57934974399996 -21.45914684464305, -41.59332537499994 -21.46879890764327, -41.59960477699996 -21.47680738464351, -41.60027664199998 -21.48157816964357, -41.61887231599997 -21.47204276664336, -41.65702101599993 -21.47914413764352, -41.62695238599996 -21.59571648164633, -41.67947124599993 -21.51626168464443, -41.74272727599998 -21.46431403664318, -41.70996116799995 -21.45630542264298, -41.78118348199995 -21.40049946164166, -41.77816897699994 -21.39867411064157, -41.77888698999993 -21.4003865256416, -41.77670745499995 -21.40157815064167, -41.77691601799994 -21.40055667064165, -41.77544495699993 -21.40101409864166, -41.77582255599997 -21.3998438796416, -41.77332008899997 -21.39837178964158, -41.76911466599995 -21.39901930064162, -41.76685241899997 -21.3953257496415, -41.76435480399993 -21.39373665664143, -41.76242338299994 -21.39420965364149, -41.76255000899992 -21.39133136664143, -41.76073778799996 -21.38992542064137, -41.75653930099997 -21.38750046464133, -41.75443283699996 -21.38809067064133, -41.75461809799997 -21.38672379464132, -41.75073195799996 -21.38377842464121, -41.74841882799995 -21.38458782464122, -41.74404211299997 -21.38147036764117, -41.73741492199997 -21.37946706264111, -41.73506666299994 -21.37437234664101, -41.73260408399994 -21.37379348364095, -41.73240166999994 -21.37206303764097, -41.72229938599998 -21.36864216264088, -41.72133777799996 -21.36717514964081, -41.71260086899997 -21.37181577464096, -41.70816319999994 -21.37079950864091, -41.70367326999996 -21.37345550164098)))"
3302106.0,Itaocara,33,RJ,"MULTIPOLYGON (((-42.06785324299994 -21.65438264664773, -42.06688862299995 -21.65330190664771, -42.07085854999996 -21.65133825464763, -42.06346725599996 -21.64563083664752, -42.06262581799994 -21.64090104964745, -42.05607982499998 -21.6363969396473, -42.05162860399997 -21.63605530864733, -42.04539155599996 -21.63285154464722, -42.04057667099993 -21.63414316564726, -42.03903546399993 -21.63190118164717, -42.02205938399992 -21.62855581264711, -42.01739006799993 -21.6307969956472, -42.01527464799995 -21.63741849164732, -42.00932589499996 -21.63990584464738, -41.99744087899995 -21.63524204964728, -41.98188944099996 -21.62679112764705, -41.97281719299996 -21.61873399764685, -41.96132057699998 -21.61337358464672, -41.95562015999996 -21.60842331664665, -41.93673805699995 -21.59675294164638, -41.93732077599997 -21.74126249464983, -41.94009353599994 -21.74115277864982, -41.93971718399996 -21.73886330464975, -41.94230852299994 -21.73936118664976, -41.94606419999997 -21.73585249064971, -41.94857690599996 -21.73070084164954, -41.95277188599992 -21.72836857964949, -41.95519857099998 -21.7293643436495, -41.95521033199997 -21.73131274764958, -41.96126332299997 -21.73103048364954, -41.96304130799995 -21.73358800064963, -41.96539873399995 -21.73225590764962, -41.96760897599996 -21.73341848064962, -41.96890755799996 -21.73204579864959, -41.97097148999995 -21.73421689964962, -41.97620865799995 -21.73440083264965, -41.97538406099993 -21.73775667864977, -41.97668572499999 -21.73937168264977, -41.98067331199995 -21.73855440164974, -41.97984668599997 -21.73684912364972, -41.98134964299993 -21.73324780864959, -41.98519952399993 -21.73288363064961, -41.98765290399994 -21.73628232564969, -41.99181195899996 -21.73680386564971, -41.99201945499993 -21.73910649064979, -41.99571643699993 -21.73751448564974, -41.99977937099993 -21.73906641164976, -41.99954900199998 -21.7408632956498, -42.00141040899996 -21.7397768206498, -42.00011571399994 -21.74239158864987, -42.00239192399992 -21.74120398964979, -42.00245628399995 -21.74265718164986, -42.00434024199995 -21.74258875064987, -42.00469566299995 -21.74691523364999, -42.00861249599994 -21.74484504464989, -42.01160651499998 -21.7448799386499, -42.01108168899997 -21.74602609164994, -42.01289738799994 -21.74710490964998, -42.01208183799996 -21.74826278865001, -42.01378509499993 -21.75051446765006, -42.01864404999997 -21.75060066565007, -42.02026477899994 -21.75262689065006, -42.02140461399994 -21.75190277265006, -42.02146883099993 -21.75483748065012, -42.02275493699994 -21.75562924465018, -42.02041607199993 -21.75775269365018, -42.02192442299997 -21.75834524765024, -42.01977660399996 -21.76023563065027, -42.01966890899995 -21.76278472465036, -42.01361655799995 -21.7656520096504, -42.01365047999997 -21.77215638365057, -42.02090766199995 -21.77023895965053, -42.02204356799995 -21.76824132965049, -42.02422992599997 -21.76827618865046, -42.02481141699996 -21.76619828465039, -42.02516700499994 -21.76722497765045, -42.02754444499992 -21.76677128565042, -42.02700890999995 -21.76840119565048, -42.02899887299997 -21.76878978565048, -42.02842836399997 -21.76640791865044, -42.03091118399993 -21.76765155565042, -42.03147848299994 -21.76587492165041, -42.04005555299994 -21.77291774865056, -42.03999851299994 -21.77529212065065, -42.03794778599995 -21.77582652665064, -42.04318458899996 -21.77920389765073, -42.04243879499995 -21.78078379665078, -42.04370044399997 -21.78056722265073, -42.04408653999996 -21.78249952965081, -42.04255224299992 -21.78395370065081, -42.04489606399994 -21.78393171265087, -42.04752519399994 -21.77864421765072, -42.04921519699997 -21.77950254065072, -42.05105828099994 -21.77859334665074, -42.05128974799993 -21.78015083565076, -42.05388821799993 -21.77976033065072, -42.05565944099993 -21.78180868565075, -42.05591765499997 -21.78597743265092, -42.06071998899995 -21.78890247665097, -42.06183217499994 -21.79159533765099, -42.06344679299998 -21.79130995765101, -42.06250838699998 -21.79936049465118, -42.05944482799998 -21.80107292965121, -42.06083613799996 -21.80194530865129, -42.06708761099998 -21.79957914465121, -42.06847590199993 -21.80060329265124, -42.07061752899995 -21.79727816965118, -42.07267043099994 -21.79754929265112, -42.07640076999996 -21.80123004565124, -42.08534849199997 -21.80112552565126, -42.08757649899997 -21.80384189265133, -42.08932686699995 -21.80131619365123, -42.09066215899997 -21.80438619065131, -42.08786161099993 -21.80543914965132, -42.08770963599994 -21.8067239306514, -42.08951874199993 -21.80739745065139, -42.09007009299995 -21.80998868265149, -42.09197003999997 -21.80961379965147, -42.09228722099993 -21.81336123265158, -42.09629701299997 -21.81399167865158, -42.09957063199993 -21.8110743976515, -42.09848203599994 -21.80941800965145, -42.10192795099992 -21.81035780465148, -42.10314411099994 -21.80946397065147, -42.10294229699998 -21.8107534636515, -42.10450455599994 -21.81055751065147, -42.10494312699996 -21.81194370865149, -42.10332197999998 -21.81398384665152, -42.10748840499996 -21.81439892265156, -42.10673265299992 -21.81744542465165, -42.10929750999997 -21.82044885265172, -42.11150211199998 -21.82060940065174, -42.11068370799996 -21.82239109565173, -42.11322115399997 -21.82405923165181, -42.11315066899993 -21.82547675565184, -42.11646736199999 -21.82569604165183, -42.11793660499995 -21.82455578965178, -42.11770867499996 -21.82683945865185, -42.11934939999996 -21.8271762186519, -42.12019129999992 -21.82251640165178, -42.12517612899995 -21.82365981865179, -42.12702830799998 -21.82976848665194, -42.12281489399992 -21.8300425926519, -42.12099404099997 -21.83606902865205, -42.11632247699998 -21.83714196065209, -42.11844093199993 -21.83801518665214, -42.11728576699994 -21.83901763465215, -42.11908312499997 -21.84199365265219, -42.11703123899997 -21.84644984665231, -42.12037777999996 -21.84784307965236, -42.12033226899995 -21.85031083765239, -42.12284946499993 -21.84993178165242, -42.12353736199998 -21.84537299865231, -42.12518983399996 -21.84629908765236, -42.12583006999994 -21.84442928765228, -42.12846736899996 -21.84398288465228, -42.12799562199996 -21.84251677265224, -42.13250065599993 -21.84444299265225, -42.13338349699995 -21.84177594865223, -42.13244191899997 -21.83956780665216, -42.13493114399995 -21.83929497265214, -42.13718219999998 -21.83661807465208, -42.13868591899995 -21.83976277365218, -42.14157103799994 -21.83966797765219, -42.14222018899994 -21.84286221565226, -42.14345254699998 -21.84151033165221, -42.14585955999996 -21.84205438265221, -42.14291355899996 -21.84547536865228, -42.14425316199998 -21.84784489565239, -42.14158662599993 -21.84967191565238, -42.14219958099994 -21.85124142465245, -42.14059627999995 -21.85072622465244, -42.14020854399995 -21.85224142365246, -42.13911527699996 -21.85142968465247, -42.13786482399995 -21.85269186865247, -42.13933300999997 -21.85395961765247, -42.13877040599993 -21.85551653265256, -42.14074021799996 -21.85553495665251, -42.14036281199998 -21.85657524065253, -42.14263450199996 -21.8576542316526, -42.14214393999998 -21.85872006365264, -42.14383379499998 -21.85899208865266, -42.14502493699995 -21.85611933565254, -42.14641391499998 -21.86076437565269, -42.14891572499993 -21.85917343965263, -42.15027695699995 -21.86107507165268, -42.15222688399996 -21.85902353565261, -42.15431501799997 -21.86056241765269, -42.15915088199994 -21.86036439065268, -42.15824117499994 -21.85884450965261, -42.16055478199996 -21.85886465465262, -42.16154588999996 -21.86062024965267, -42.16140559999996 -21.85920528265261, -42.16218375099993 -21.86026384865263, -42.16289793399994 -21.85899199965261, -42.16715515199995 -21.85922571365262, -42.20640278099994 -21.78365589965083, -42.23783929399997 -21.6977839876488, -42.22915159799993 -21.69562948664876, -42.22690451999994 -21.69643204064872, -42.21582166699994 -21.6897735146486, -42.20714425699997 -21.69013086164859, -42.19920149099993 -21.68527386264851, -42.19420299899996 -21.68376358264847, -42.19083008799998 -21.68464028964845, -42.18560754399993 -21.68120336664841, -42.17906233799993 -21.68271721964844, -42.17831190899994 -21.68638921364848, -42.17513463699999 -21.68787989664855, -42.16904466199996 -21.68714926964854, -42.16547511599997 -21.69093078064863, -42.15789667099994 -21.69262751264865, -42.15060540799993 -21.6915789736486, -42.13795309599994 -21.70478817664895, -42.13196879499997 -21.70428885764892, -42.11817055899996 -21.69757773364878, -42.11646593999995 -21.69449509564873, -42.11661253399995 -21.6897364476486, -42.10792394299995 -21.68123808864835, -42.09737020299995 -21.67540665064824, -42.09378802799994 -21.67081862164815, -42.08819423699998 -21.66841236364808, -42.08331219799992 -21.66396878364798, -42.06785324299994 -21.65438264664773)))"
3302205.0,Itaperuna,33,RJ,"MULTIPOLYGON (((-42.04636795999994 -21.22304165763734, -42.04425678899997 -21.22190022163729, -42.04455479699993 -21.21854981263719, -42.04112353399995 -21.21703879263723, -42.03721119099998 -21.21757580963723, -42.03353174999995 -21.21599432363715, -42.03202438099997 -21.21369836363707, -42.03249048399994 -21.21153873163705, -42.03577122499996 -21.21106518263707, -42.03685166699994 -21.20937401463696, -42.03810449299993 -21.20015769263675, -42.04213654899996 -21.19802048663671, -42.04138470199996 -21.19452487963666, -42.04242290999997 -21.19268390663659, -42.04613184299995 -21.19517247563664, -42.05081905599997 -21.19594726463671, -42.05311013799997 -21.19261749463655, -42.04907472599995 -21.18567529063642, -42.04960539899997 -21.18364848363637, -42.04719082399997 -21.18224436363631, -42.04876995599993 -21.1796817726363, -42.06478446799997 -21.1803678306363, -42.07332504999993 -21.17956006163627, -42.07548778899996 -21.1774628986362, -42.08051278499993 -21.17741067663623, -42.08185287799994 -21.17839458163624, -42.08315540799997 -21.18549132063644, -42.08504647899996 -21.18736365263643, -42.08529906999996 -21.19387431063663, -42.08683723899996 -21.19506235663663, -42.08829889999998 -21.19485911563663, -42.08949128499994 -21.19233314963662, -42.09306322299994 -21.19211747763657, -42.09636972999994 -21.18703463463644, -42.09983908499998 -21.18616944463645, -42.10193556099995 -21.18377137563637, -42.10439700099992 -21.18975148963651, -42.10253626699994 -21.19242874063661, -42.10511868999998 -21.19474843563664, -42.10503700399994 -21.19936010763675, -42.10650404599993 -21.2005670276368, -42.10937984499997 -21.19953364963673, -42.11123351299994 -21.20357707463686, -42.11128932099995 -21.20694473763694, -42.10549495499998 -21.21011483763698, -42.10727392199993 -21.2135279446371, -42.11201416199998 -21.21435061263715, -42.11621018199997 -21.20962656863703, -42.12500158799997 -21.20367735063686, -42.12611839099998 -21.19920615263672, -42.12410826599994 -21.19810582363669, -42.11967757799994 -21.19907755963672, -42.12026435799991 -21.19551573663664, -42.12488631099996 -21.19166405963655, -42.12504773699992 -21.18950268263653, -42.12909755599998 -21.1847165836364, -42.13367338799998 -21.18139375663633, -42.13287024999994 -21.17715010863623, -42.12846703999997 -21.17488669363615, -42.13034240199994 -21.17036947263605, -42.12587861899993 -21.16988112163601, -42.12251902099996 -21.17230696963612, -42.12224920399996 -21.167445409636, -42.13064301199994 -21.16407581563588, -42.13597719399996 -21.16655375763597, -42.14017285899995 -21.16357632863589, -42.14945840799993 -21.16073512063583, -42.16378088899994 -21.1720014516361, -42.16543137499997 -21.17461250963614, -42.16583104299996 -21.17281725663613, -42.16294930599997 -21.16761697463596, -42.16728771299994 -21.16632732363597, -42.16513634499995 -21.16056396863581, -42.15959349699995 -21.15975090263576, -42.16211577699994 -21.15816094663575, -42.16997834099993 -21.15916400263577, -42.17087534699994 -21.16311323063587, -42.17332486099996 -21.16532657163594, -42.17201223999996 -21.17569424763619, -42.17539290199993 -21.17851672363627, -42.18112959699994 -21.17778404963624, -42.18600138799996 -21.17522615763616, -42.18694008799996 -21.17289327563613, -42.18586419299993 -21.17100100163609, -42.18780260899995 -21.16956546163602, -42.18833969099995 -21.16656558863595, -42.19112337199993 -21.16533078563595, -42.18726894399997 -21.16189417063588, -42.19062088899995 -21.16070671863583, -42.19276182999994 -21.15808023063572, -42.19531869499996 -21.16025773963583, -42.19596534199996 -21.15784065763575, -42.19283883099997 -21.15599488463567, -42.19157064699993 -21.14711759963549, -42.18182697899994 -21.14340094263541, -42.17779921099997 -21.13367622563513, -42.17218507399997 -21.13093982363508, -42.17064761599994 -21.12864441163508, -42.17281833899995 -21.12413182663491, -42.17019357399994 -21.12212465263488, -42.17092206199992 -21.1194958576348, -42.16892512099997 -21.11685333363471, -42.17066032299993 -21.11461192163469, -42.16368883099994 -21.10068305363435, -42.15901594299992 -21.10056428263432, -42.15165425399993 -21.10406213863442, -42.14021548899995 -21.10347199363443, -42.13534365499998 -21.0910161706341, -42.13140098499997 -21.08708605663405, -42.13330953899998 -21.08070746963386, -42.13122519699994 -21.07930116763384, -42.12168242899997 -21.0780455396338, -42.11889493699994 -21.07582307963376, -42.12017567699996 -21.06795029563355, -42.11628323199994 -21.06476100263346, -42.11424911599993 -21.06471077763348, -42.11095453699994 -21.0590157576333, -42.10522115499997 -21.05583349263328, -42.10427943499996 -21.0517024786332, -42.10150449799993 -21.04871408563309, -42.10368928999997 -21.04562524263302, -42.09856078399996 -21.03975052863287, -42.10085157199995 -21.03403580163273, -42.09527658699994 -21.03688607563278, -42.09333036399994 -21.03949778063289, -42.09345592699997 -21.03617036863277, -42.09197428699997 -21.03507797263274, -42.08037511099997 -21.03592037963275, -42.08007093999998 -21.03021869563264, -42.07675498399993 -21.03356204463271, -42.06728704699997 -21.03325432763269, -42.06374778799994 -21.03619404163275, -42.05826604399993 -21.0366903076328, -42.05618170699995 -21.03558687663278, -42.05359266499993 -21.03886027763287, -42.04735676199993 -21.03821869263281, -42.04635580599994 -21.03989992863287, -42.04805221399993 -21.04319230763296, -42.04594097799997 -21.04555939163297, -42.04729178899998 -21.04776014863307, -42.04276040599996 -21.05657908263326, -42.04293727299995 -21.06223871263342, -42.03814910899995 -21.0670733236335, -42.03798959099998 -21.06928270263358, -42.04010787099996 -21.07205046163365, -42.03975366899993 -21.0750395666337, -42.03508897999994 -21.07563768863375, -42.02785739399997 -21.07298662863369, -42.02278245999997 -21.07308543963367, -42.02089915399993 -21.07880348263382, -42.01620364399997 -21.08183609963387, -42.01903683499995 -21.08307341863394, -42.02392330699996 -21.09370485563416, -42.02398052699992 -21.10119996363434, -42.02925584699994 -21.1027836816344, -42.03605695399994 -21.11304882763464, -42.03308759399992 -21.11963558663481, -42.03305645299996 -21.12476248163494, -42.02836173199994 -21.12978047863503, -42.02714382799996 -21.13384974863514, -42.02312846799998 -21.13646778663525, -42.01541822699993 -21.13317673463515, -42.01609098799996 -21.12638929263498, -42.00991280999995 -21.12240033663486, -42.00703860499992 -21.12235581963487, -42.00304011499997 -21.12531437863493, -41.99672177199994 -21.12563745763498, -41.99100823599996 -21.12299452963492, -41.97815305099994 -21.12106055663486, -41.97486836499996 -21.13028077963508, -41.97714357499996 -21.13262178763512, -41.97664564699993 -21.13371509263513, -41.96457463199993 -21.13432791563518, -41.96270638899995 -21.13833878663528, -41.95660026199993 -21.14161759063535, -41.95637981599998 -21.14480175763545, -41.94983949499994 -21.1469793886355, -41.94361062699993 -21.1519496876356, -41.93749349699993 -21.15288652763564, -41.92978368299998 -21.15624725563573, -41.93020381599995 -21.15411495463566, -41.92475637099994 -21.15143136563558, -41.92603694199994 -21.14676597063544, -41.92118242899993 -21.13938699063527, -41.92097933099996 -21.13696061063525, -41.91550548099998 -21.13780565463528, -41.91335141699994 -21.13663227363525, -41.91920486799994 -21.13070810663505, -41.91685686399995 -21.12995400863508, -41.91522947199996 -21.13218954163512, -41.90932230399994 -21.13510405463519, -41.90749717399996 -21.13402363363517, -41.90461273499994 -21.13744302063529, -41.89966792399996 -21.13551899063523, -41.89665661499997 -21.12598634363498, -41.89765698099995 -21.12010563063482, -41.89429666699994 -21.11703232763474, -41.89064660599995 -21.11568641163471, -41.88511307399994 -21.11776725363476, -41.88196461699994 -21.11620355363473, -41.87735741699998 -21.11620897563473, -41.87288616899996 -21.10643123263452, -41.87347215299996 -21.10371636863441, -41.87161761599999 -21.10177139063437, -41.86285627199993 -21.09976387763431, -41.86032238099993 -21.09545861863422, -41.85661034199995 -21.09515242763422, -41.85318124899993 -21.0917124296341, -41.84687283499994 -21.09087238063411, -41.84246900599992 -21.08637606563401, -41.84233118599997 -21.08352150863392, -41.83914094099998 -21.08162106363389, -41.83099602099998 -21.08800775763404, -41.82960473299994 -21.09423723563423, -41.82512036599996 -21.10083852763437, -41.81611097699993 -21.10386563963441, -41.81793261899997 -21.10850153063454, -41.82347349599996 -21.1108289436346, -41.82506423699994 -21.11654090163472, -41.82915368899995 -21.11826769363477, -41.82986365899995 -21.12189944363489, -41.82034853099998 -21.12230068263486, -41.81864262999994 -21.12438740863495, -41.80591427899996 -21.11765146163478, -41.79880673199994 -21.12126824063486, -41.79784645199992 -21.1228301946349, -41.79922996799996 -21.12429623063495, -41.79966946599995 -21.13270987363512, -41.80351685199997 -21.13685203263526, -41.80243528099993 -21.14070193663534, -41.80424431299996 -21.14278209263537, -41.80223212999993 -21.14412783363542, -41.79487660799997 -21.1441475506354, -41.78685705399993 -21.14861414063552, -41.78019865799996 -21.14773017063548, -41.77795527099993 -21.14915533463553, -41.77505368999993 -21.14783782363552, -41.76705110099993 -21.15057403663557, -41.76360169399993 -21.15485577963566, -41.76691980299995 -21.16166010163582, -41.76644816099997 -21.16381199363591, -41.76468680999994 -21.1647108996359, -41.76629009199996 -21.16777171563598, -41.76384975999996 -21.17068666963606, -41.76393567199995 -21.17620799363618, -41.76095356599996 -21.17730414363623, -41.75603280899997 -21.1765912766362, -41.75398363699998 -21.17372716263615, -41.74972874199994 -21.17231655663609, -41.74875874899993 -21.17022530263604, -41.74628241899995 -21.169383698636, -41.73148880799994 -21.16810190363603, -41.72614733899997 -21.17071573663609, -41.72635880899996 -21.17345595863614, -41.72834610699994 -21.17506574263616, -41.72579434599992 -21.17831249663623, -41.72743283199997 -21.18056079263629, -41.72629621199996 -21.18200125263633, -41.71991276599994 -21.18297216163636, -41.72154874399997 -21.18809217163647, -41.71729735399997 -21.19613973963666, -41.71866340099995 -21.20425469363686, -41.72274079399995 -21.21142719163702, -41.72512059199994 -21.21262667963709, -41.72766782899998 -21.22118359563729, -41.72247087399995 -21.22202700863728, -41.72028727299994 -21.22453859063735, -41.71459437299995 -21.22031097463728, -41.71185915899996 -21.22118993663731, -41.70559673499998 -21.21972594863725, -41.70560749399994 -21.2220493806373, -41.70364060599996 -21.22219794163729, -41.70351776699994 -21.22504209463738, -41.70119361499995 -21.22574875663742, -41.70074199199995 -21.23122203163754, -41.69878538599993 -21.23262946063756, -41.69913790899994 -21.23800982963771, -41.69480023399995 -21.23946246663775, -41.69395128599996 -21.2430140126378, -41.69133172499994 -21.24270369563779, -41.68822157999995 -21.2454588286379, -41.68212352099993 -21.25717566163818, -41.67360062099993 -21.249917377638, -41.66526245999996 -21.24769676963793, -41.66089520699996 -21.24509718863784, -41.65494760699993 -21.24381536163786, -41.64554677799998 -21.2472345926379, -41.64196105299993 -21.24496926263783, -41.63948760399995 -21.24547027163786, -41.63914504499995 -21.24690194963789, -41.63648538699994 -21.24783492663792, -41.63569135999995 -21.25139563363803, -41.62957255999998 -21.25461821463809, -41.63141486799997 -21.25756122663816, -41.63476263099994 -21.25796916263815, -41.63792919999997 -21.26112012563824, -41.63108777399998 -21.26401946663834, -41.62612073599996 -21.26367736563833, -41.62420346199996 -21.26483944063834, -41.61990863899995 -21.26887076263844, -41.61944304399998 -21.27625994663867, -41.61533813599993 -21.2753152336386, -41.61274008599997 -21.27726935963864, -41.60854864299996 -21.27747500863866, -41.60667450699998 -21.28082821663875, -41.60929172799996 -21.2840658176388, -41.60551576599994 -21.28862225463893, -41.60574600699993 -21.292446299639, -41.60088360799995 -21.29451562163907, -41.60136008199999 -21.2969748156391, -41.59576501899993 -21.29836841863914, -41.59252552999993 -21.30237999363923, -41.58813236099996 -21.30340955563931, -41.59108406299998 -21.30976937263943, -41.58949397299993 -21.3133087546395, -41.58531856499996 -21.31670008463959, -41.58556322699997 -21.32021938963968, -41.58902770699995 -21.32609964263986, -41.60254198599994 -21.32935303963991, -41.60314160099994 -21.33050322463997, -41.60677314399992 -21.33002871963991, -41.60992993899998 -21.33187325563996, -41.61032759399995 -21.33365400164002, -41.61263449099994 -21.33325551663999, -41.61742145799997 -21.34009973564018, -41.61914411399994 -21.33923264264015, -41.62138862399996 -21.34054744064018, -41.62552154099996 -21.34008278064013, -41.62194140999997 -21.35150898464044, -41.62197328199994 -21.3581880206406, -41.63019395399994 -21.35590610264056, -41.63397302599997 -21.34944029864038, -41.63638690299994 -21.35345848164051, -41.63944694099995 -21.35126455264045, -41.64355541799996 -21.35069212664042, -41.64810845699997 -21.34595092464033, -41.65049378599996 -21.34824660964034, -41.64937911499992 -21.35190542764047, -41.65046101499996 -21.35264839564047, -41.64724256899996 -21.35682313964059, -41.65028286199998 -21.35819692264059, -41.66461730899993 -21.34952617664036, -41.66797187199995 -21.34580762464032, -41.67411471299993 -21.34656979764034, -41.69065530599994 -21.35550480264052, -41.69271915999997 -21.35761240064057, -41.69303800399995 -21.36036644664065, -41.69700849499998 -21.36003129764067, -41.69982432099994 -21.36179698764067, -41.70119162499997 -21.36372057964076, -41.70020540499997 -21.36486837464077, -41.70314588199994 -21.36761354664085, -41.70367326999996 -21.37345550164098, -41.70816319999994 -21.37079950864091, -41.71260086899997 -21.37181577464096, -41.72133777799996 -21.36717514964081, -41.72229938599998 -21.36864216264088, -41.73240166999994 -21.37206303764097, -41.73260408399994 -21.37379348364095, -41.73506666299994 -21.37437234664101, -41.73741492199997 -21.37946706264111, -41.74404211299997 -21.38147036764117, -41.74841882799995 -21.38458782464122, -41.75073195799996 -21.38377842464121, -41.75461809799997 -21.38672379464132, -41.75443283699996 -21.38809067064133, -41.75668023299993 -21.38755219664129, -41.76255000899992 -21.39133136664143, -41.76234334899992 -21.39411551564148, -41.76435480399993 -21.39373665664143, -41.76685241899997 -21.3953257496415, -41.76776128999995 -21.39817391064159, -41.77476181499998 -21.39889803964159, -41.77670745499995 -21.40157815064167, -41.77888698999993 -21.4003865256416, -41.77816897699994 -21.39867411064157, -41.78508240499997 -21.40129440664168, -41.78780368699995 -21.39929309164159, -41.78819318999995 -21.39784147564157, -41.78638898899992 -21.39643425364151, -41.78085650299993 -21.39453390464148, -41.77870433199996 -21.39013707264139, -41.83935324099997 -21.28831790563889, -41.84407176099995 -21.29310902663904, -41.84550794499995 -21.29672680263913, -41.85634231199997 -21.30273036163923, -41.86195027599995 -21.30285828463927, -41.86562890699997 -21.30026242663921, -41.87049184199998 -21.30496723863932, -41.87078648299995 -21.2989171826392, -41.87386036399993 -21.29967974563917, -41.87599462899993 -21.29872646763916, -41.87881458699996 -21.30086727063924, -41.88360933499996 -21.29929583363921, -41.88425604299993 -21.2963956576391, -41.88607167399993 -21.29519214563905, -41.89105954399997 -21.29716369163916, -41.89654404899994 -21.3032662136393, -41.90002109499994 -21.30372207563927, -41.90333251299996 -21.30294228263926, -41.90593328199997 -21.29745099063913, -41.90896155399997 -21.29825905363917, -41.91773623299996 -21.29517383663907, -41.93227293699994 -21.3126544566395, -41.94075087099998 -21.30921061463942, -41.94715805999992 -21.31067079363945, -41.94923509499995 -21.31265434763953, -41.95279608199997 -21.31205734163949, -41.95639674099993 -21.31424223963954, -41.95985902299997 -21.31292248463952, -41.96139942399998 -21.30815276763939, -41.96380311999996 -21.31066342463944, -41.97440580199997 -21.31048891663944, -41.97864725199997 -21.31536536263959, -41.98502978699997 -21.3129111016395, -41.98799603699995 -21.31476747963957, -41.98835370199998 -21.31707154863961, -41.98608782299993 -21.32007797563967, -41.98790029399997 -21.32284769563974, -41.99330250999996 -21.32203637663976, -41.99825840899995 -21.32614652663984, -41.99860878199996 -21.32845640063988, -42.00074568899998 -21.32896144463991, -42.00357288399994 -21.32764775063989, -42.00776162099992 -21.33075612463993, -42.01134642999995 -21.3289489536399, -42.01729082899993 -21.33039362563992, -42.02099572099996 -21.32867989463989, -42.02847887999997 -21.33320015563999, -42.03438845999994 -21.34319361164023, -42.04606702599995 -21.34832058664036, -42.04854959999995 -21.35368526064052, -42.05369262099998 -21.35300184064047, -42.05805186599997 -21.35479785964055, -42.06171868799998 -21.35399277564049, -42.06553376999995 -21.35495751864052, -42.07054360599994 -21.35225554364047, -42.07291493599996 -21.35587566064057, -42.07915532999994 -21.35509007764053, -42.08119997099993 -21.35277557264045, -42.08823678599997 -21.35223863564045, -42.09659881299995 -21.34810363764034, -42.09461729999997 -21.3455876036403, -42.08967547199994 -21.34383900164024, -42.09036298299998 -21.34232075064022, -42.08850097599996 -21.33710713064008, -42.08533556399993 -21.33756547164009, -42.08353801099997 -21.33146381763992, -42.08644560699997 -21.32758224963984, -42.08375285799997 -21.32394417463978, -42.07683737899998 -21.32531532663981, -42.07486700299996 -21.31967243763967, -42.07619740699994 -21.31855867863962, -42.07447146999993 -21.31507099663959, -42.07614727599996 -21.31279361863951, -42.07867530899995 -21.31205597763948, -42.07993574399995 -21.30919135163946, -42.08683949299996 -21.30898366563943, -42.08883040799997 -21.30717179063936, -42.08668193799997 -21.30352655363925, -42.08393189699996 -21.30353371563929, -42.07911932599995 -21.29987415563917, -42.07959964699995 -21.29243557863904, -42.07652854899993 -21.28614852563885, -42.07625469999993 -21.2794565346387, -42.08043804999995 -21.27475028763859, -42.07692788699995 -21.27306125663853, -42.07031060099995 -21.26591401563839, -42.06805470799997 -21.26746807463843, -42.06134432199996 -21.26721025863841, -42.05670362799998 -21.25989113963819, -42.05753436899993 -21.25624590263812, -42.05597314799996 -21.25358180063808, -42.04823865799994 -21.25489236763811, -42.03536642999995 -21.24916441463796, -42.03299979699994 -21.24598537363787, -42.02989072899992 -21.24542477863791, -42.02972849099995 -21.24167933763777, -42.03518312599994 -21.2383061836377, -42.05185030599994 -21.23612022963762, -42.05441266199994 -21.23466041163757, -42.05416306899996 -21.22645590563743, -42.04995987699993 -21.22570535163737, -42.04636795999994 -21.22304165763734)))"
3302254.0,Itatiaia,33,RJ,"MULTIPOLYGON (((-44.63971895699996 -22.44306075266639, -44.63737301499997 -22.43319581966614, -44.64056855899997 -22.42725182666602, -44.64191290699994 -22.41992587166586, -44.64467867699994 -22.41935658266587, -44.64461579899995 -22.41498097866572, -44.64823608699992 -22.41148557566566, -44.64826972699995 -22.40889993166558, -44.65141756699995 -22.40942844166558, -44.65031080099993 -22.4043779176655, -44.65319398599996 -22.40290344466543, -44.65354703399998 -22.40027272566543, -44.65556284299998 -22.39918761666535, -44.66288582899994 -22.39975718866539, -44.66185440599997 -22.38048497266494, -44.65961713299998 -22.37963936366491, -44.65975522799993 -22.37503910766482, -44.65109942599997 -22.37020872766472, -44.64594562899997 -22.36516286366457, -44.64195460999996 -22.35615323066436, -44.64361203699996 -22.35436769366433, -44.64286739599999 -22.35311861866427, -44.63515242599993 -22.35085358466421, -44.63317105099997 -22.34824242166416, -44.62744612399995 -22.3459444446641, -44.62672550299992 -22.33660840966388, -44.62201857599996 -22.33194775966379, -44.61952694699993 -22.33110632466378, -44.61592666799998 -22.3320186766638, -44.61339402999992 -22.32809708466372, -44.61154043499994 -22.3282211916637, -44.61003538799996 -22.3265577746637, -44.60041886299996 -22.32607534466365, -44.59945002899996 -22.32444994566363, -44.58721149699995 -22.3203504176635, -44.58859268499997 -22.32358519966361, -44.58581429399992 -22.32615541366367, -44.58207507599997 -22.32404960066363, -44.58126637999992 -22.32854146666368, -44.57779939599993 -22.32690005466369, -44.57589775999998 -22.32738046766369, -44.57088144299995 -22.32424977366361, -44.56917597499994 -22.32598726866366, -44.57007274699998 -22.3277167576637, -44.56567976999997 -22.32796667266369, -44.56600924899993 -22.33063927066374, -44.56361919199997 -22.33317745666378, -44.56338298899993 -22.33152403366375, -44.55794105999996 -22.33077074366376, -44.55664318899994 -22.32884372666371, -44.55520795299998 -22.33069532066376, -44.55219536099997 -22.3274144966637, -44.54968920399995 -22.32851544466372, -44.55004551099994 -22.32526865066362, -44.54558788399998 -22.32367839766362, -44.54541468099994 -22.32719140366369, -44.54316304399999 -22.32835110966372, -44.54573096499995 -22.33201096166381, -44.54374647599996 -22.33233077566378, -44.54146044599997 -22.33590582766391, -44.54386355599996 -22.3380347476639, -44.54628239399994 -22.33703464066392, -44.54835832299994 -22.33775003766396, -44.54787231999995 -22.33885738766395, -44.54973071499995 -22.34076039266398, -44.55082032999996 -22.34576721566412, -44.54951643199995 -22.34784004966416, -44.54919906399994 -22.35738982766439, -44.55392627999998 -22.36096859966444, -44.55589342799994 -22.36511012366459, -44.55949026399998 -22.36591572166458, -44.56091886699994 -22.36470851466458, -44.56292996599995 -22.36621601366456, -44.56394343499993 -22.36445343666455, -44.56582630199995 -22.36548117466458, -44.56769724899993 -22.36431664866455, -44.57455313299993 -22.35765615166439, -44.57722391399994 -22.35791556766441, -44.57919826599994 -22.36168010266453, -44.58481028899995 -22.36042123066444, -44.59000018599993 -22.3637203246645, -44.59371472399994 -22.36933420666468, -44.60134062199994 -22.37205340966472, -44.60568291499992 -22.37715723066485, -44.61142952499995 -22.38098620066492, -44.61422461099994 -22.37952055166487, -44.61629737799996 -22.37626594466483, -44.62633346499995 -22.37276254466475, -44.60738585099994 -22.39233213366521, -44.60286503399993 -22.39278690966518, -44.59904919799992 -22.39854043466538, -44.59686685999998 -22.39823777466534, -44.48698223999997 -22.43597099266622, -44.48710492199995 -22.4438974826664, -44.48055932899995 -22.44865929466653, -44.47980937099992 -22.45321093766661, -44.47851051499998 -22.45377733666666, -44.48005476399992 -22.45802284566675, -44.48381025499997 -22.45923887266676, -44.48463141899998 -22.46082877466678, -44.48803765099995 -22.46113167066678, -44.48953554299992 -22.46312764366685, -44.48789126599996 -22.46876724966697, -44.49694994399993 -22.46858453966697, -44.51285292799997 -22.47300866566708, -44.51374848999995 -22.48486621266732, -44.52100464799997 -22.48779343766741, -44.52967904599996 -22.48643483166738, -44.53212142299998 -22.48813281366742, -44.53641082499996 -22.49577458766762, -44.54556458099994 -22.49909954666771, -44.54803857599995 -22.49636410566761, -44.54974175199993 -22.49624005766763, -44.55848730799995 -22.50456935266783, -44.56745716699992 -22.50774497066793, -44.57737632799996 -22.51722793066809, -44.57815074499995 -22.5260369226683, -44.57643310899994 -22.52787835466835, -44.56461499699997 -22.5291516936684, -44.56324351499995 -22.53182932066844, -44.57654903499997 -22.53934662366866, -44.58223177999997 -22.54517010666874, -44.58599624399994 -22.56049182666913, -44.58845178099994 -22.56102424866916, -44.59307065799992 -22.56506961466925, -44.59807672699997 -22.56604676866927, -44.60450775399993 -22.5644843486692, -44.61018648099996 -22.55937548466907, -44.61548233099995 -22.55737054866902, -44.62266749599996 -22.54363207566873, -44.62446893799994 -22.53705308366855, -44.62661012399997 -22.53538655266856, -44.62410684699994 -22.51689504566811, -44.62073990399994 -22.50888561366792, -44.64703994199993 -22.4961813706676, -44.64941609799995 -22.49113251166749, -44.65222346499996 -22.49160375566753, -44.66220705099992 -22.48361812966736, -44.65938201099993 -22.48105121466726, -44.65680079499998 -22.48196385366731, -44.65423463799993 -22.48071170066729, -44.65176411699997 -22.47124735266707, -44.64659296299993 -22.46896376366701, -44.65061332299996 -22.45248637566662, -44.63971895699996 -22.44306075266639)))"
3302270.0,Japeri,33,RJ,"MULTIPOLYGON (((-43.63341104799997 -22.66063533067142, -43.64103191599997 -22.65058718667119, -43.65066344599995 -22.65344254067127, -43.65427566299996 -22.65781671067139, -43.65995949099994 -22.66002965367146, -43.66231753999994 -22.65724461867133, -43.66934886899998 -22.65519458867134, -43.67078251099997 -22.65291200367129, -43.66785958399998 -22.63668837867092, -43.66853145099998 -22.63261617267077, -43.66466347099997 -22.62593368467066, -43.66508357199995 -22.62268550867057, -43.66129632599996 -22.61923809867051, -43.62272983199993 -22.642222147671, -43.61845213999993 -22.63691748267089, -43.61060378099994 -22.63439329967083, -43.59344390599995 -22.62003145867051, -43.58731307699998 -22.61944645667048, -43.57863391599994 -22.61604400667044, -43.56907571999994 -22.60941432967024, -43.56794970799994 -22.62346605867059, -43.57237405699993 -22.6260189576706, -43.57352537099996 -22.63119461067077, -43.57265283799995 -22.63346489067082, -43.56789013599996 -22.63422543467085, -43.56462817799996 -22.63634679667088, -43.55815684299994 -22.63700066867087, -43.55228224799997 -22.64698565767113, -43.55353094099996 -22.6507619186712, -43.54884277899998 -22.65261154467128, -43.54700046399995 -22.65577715667131, -43.53956367599994 -22.65352469867128, -43.53398692899997 -22.65483543367132, -43.54059205899994 -22.66101331867145, -43.54362593799993 -22.66905020167164, -43.54565256799997 -22.66872890667162, -43.54822292799997 -22.67079260867166, -43.54991191799996 -22.67022964867168, -43.55446136699992 -22.67457583567176, -43.55421315099994 -22.67630255467181, -43.55686761799996 -22.67741357767186, -43.55479420599993 -22.68212438367195, -43.55600900299999 -22.68938468867212, -43.55992518899995 -22.69071042867211, -43.57235359499997 -22.6893200296721, -43.57664638999995 -22.69203059967218, -43.58587196299992 -22.69307661667217, -43.59679510099993 -22.68569351567204, -43.60367834899994 -22.69277426467222, -43.61004955999994 -22.69265054367219, -43.61189625399992 -22.69848558467233, -43.61808195599996 -22.7047163536725, -43.61846538799995 -22.7087746746726, -43.62868349299998 -22.7192905316728, -43.62842035899996 -22.72257531467291, -43.63870966999996 -22.72036194967281, -43.63693932599993 -22.71614133067274, -43.64351221899994 -22.7057938286725, -43.64543774699996 -22.69436052267223, -43.65244895999995 -22.68047542867193, -43.64984175399996 -22.67824375067187, -43.64610743899992 -22.67111390367168, -43.63628359899996 -22.66994178667168, -43.63334012499996 -22.66345446067151, -43.63341104799997 -22.66063533067142)))"
3302304.0,Laje Do Muriaé,33,RJ,"MULTIPOLYGON (((-42.20309813099993 -21.17461204763617, -42.20036003799999 -21.1733099856361, -42.20002729699996 -21.16791078863601, -42.19398772999994 -21.16423180063594, -42.19531869499996 -21.16025773963583, -42.19346824799992 -21.15802651463575, -42.18726894399997 -21.16189417063588, -42.19112337199993 -21.16533078563595, -42.18833969099995 -21.16656558863595, -42.18780260899995 -21.16956546163602, -42.18586419299993 -21.17100100163609, -42.18694008799996 -21.17289327563613, -42.18600138799996 -21.17522615763616, -42.18112959699994 -21.17778404963624, -42.17539290199993 -21.17851672363627, -42.17201223999996 -21.17569424763619, -42.17332486099996 -21.16532657163594, -42.17087534699994 -21.16311323063587, -42.16997834099993 -21.15916400263577, -42.16211577699994 -21.15816094663575, -42.15959349699995 -21.15975090263576, -42.16513634499995 -21.16056396863581, -42.16728771299994 -21.16632732363597, -42.16294930599997 -21.16761697463596, -42.16583104299996 -21.17281725663613, -42.16543137499997 -21.17461250963614, -42.16378088899994 -21.1720014516361, -42.14945840799993 -21.16073512063583, -42.14017285899995 -21.16357632863589, -42.13597719399996 -21.16655375763597, -42.13064301199994 -21.16407581563588, -42.12523759099997 -21.16569619463595, -42.12183001399995 -21.16787593563597, -42.12188845899993 -21.17176095263606, -42.12335500399996 -21.17236286563612, -42.12613992899998 -21.16982676763604, -42.13020383899993 -21.17023776263604, -42.12846703999997 -21.17488669363615, -42.13287024999994 -21.17715010863623, -42.13367338799998 -21.18139375663633, -42.12909755599998 -21.1847165836364, -42.12504773699992 -21.18950268263653, -42.12488631099996 -21.19166405963655, -42.12026435799991 -21.19551573663664, -42.11967757799994 -21.19907755963672, -42.12410826599994 -21.19810582363669, -42.12611839099998 -21.19920615263672, -42.12500158799997 -21.20367735063686, -42.11621018199997 -21.20962656863703, -42.11180913499992 -21.21437549963715, -42.10727392199993 -21.2135279446371, -42.10549495499998 -21.21011483763698, -42.11128932099995 -21.20694473763694, -42.11123351299994 -21.20357707463686, -42.10937984499997 -21.19953364963673, -42.10650404599993 -21.2005670276368, -42.10503700399994 -21.19936010763675, -42.10511868999998 -21.19474843563664, -42.10253626699994 -21.19242874063661, -42.10439700099992 -21.18975148963651, -42.10193556099995 -21.18377137563637, -42.09983908499998 -21.18616944463645, -42.09636972999994 -21.18703463463644, -42.09306322299994 -21.19211747763657, -42.08949128499994 -21.19233314963662, -42.08829889999998 -21.19485911563663, -42.08683723899996 -21.19506235663663, -42.08529906999996 -21.19387431063663, -42.08543270899997 -21.18898694263647, -42.08231460999997 -21.18323704963638, -42.08185287799994 -21.17839458163624, -42.08024625799992 -21.17730359363623, -42.07548778899996 -21.1774628986362, -42.07304790599994 -21.17962817663627, -42.05835007499996 -21.18036465063629, -42.05087220099994 -21.17926010363625, -42.04723721699997 -21.18098242163631, -42.04743219899994 -21.18265799563634, -42.04960539899997 -21.18364848363637, -42.04907472599995 -21.18567529063642, -42.05311013799997 -21.19261749463655, -42.05081905599997 -21.19594726463671, -42.04613184299995 -21.19517247563664, -42.04242290999997 -21.19268390663659, -42.04138470199996 -21.19452487963666, -42.04213654899996 -21.19802048663671, -42.03810449299993 -21.20015769263675, -42.03685166699994 -21.20937401463696, -42.03577122499996 -21.21106518263707, -42.03249048399994 -21.21153873163705, -42.03199616299997 -21.21427204463708, -42.03721119099998 -21.21757580963723, -42.04112353399995 -21.21703879263723, -42.04455479699993 -21.21854981263719, -42.04532956499997 -21.22280852463733, -42.04995987699993 -21.22570535163737, -42.05416306899996 -21.22645590563743, -42.05464277699996 -21.23419328863761, -42.05185030599994 -21.23612022963762, -42.03518312599994 -21.2383061836377, -42.02972849099995 -21.24167933763777, -42.02989072899992 -21.24542477863791, -42.03299979699994 -21.24598537363787, -42.03536642999995 -21.24916441463796, -42.04823865799994 -21.25489236763811, -42.05597314799996 -21.25358180063808, -42.05753436899993 -21.25624590263812, -42.05670362799998 -21.25989113963819, -42.06134432199996 -21.26721025863841, -42.06805470799997 -21.26746807463843, -42.07031060099995 -21.26591401563839, -42.07692788699995 -21.27306125663853, -42.08043804999995 -21.27475028763859, -42.07625469999993 -21.2794565346387, -42.07652854899993 -21.28614852563885, -42.07959964699995 -21.29243557863904, -42.07911932599995 -21.29987415563917, -42.08393189699996 -21.30353371563929, -42.08668193799997 -21.30352655363925, -42.08883040799997 -21.30717179063936, -42.08683949299996 -21.30898366563943, -42.07993574399995 -21.30919135163946, -42.07867530899995 -21.31205597763948, -42.07614727599996 -21.31279361863951, -42.07447146999993 -21.31507099663959, -42.07619740699994 -21.31855867863962, -42.07486700299996 -21.31967243763967, -42.07683737899998 -21.32531532663981, -42.08277172399994 -21.32349299663979, -42.08644560699997 -21.32758224963984, -42.08370272699994 -21.33266696064003, -42.08533556399993 -21.33756547164009, -42.08850097599996 -21.33710713064008, -42.08996193499996 -21.34419708064026, -42.09299843799992 -21.34478432864027, -42.09947368499996 -21.33788714964015, -42.10876802899998 -21.33916843364012, -42.11597897799992 -21.33582677764008, -42.12033945599995 -21.33137274563997, -42.12234284599997 -21.32462629063981, -42.12667433699993 -21.32422833563976, -42.12601077099998 -21.31975558463969, -42.13153236999994 -21.31755372063965, -42.12929663099993 -21.31082714463949, -42.13106780099997 -21.30801069363942, -42.13320675499995 -21.3083494416394, -42.13854934099993 -21.31282326163949, -42.14298174499993 -21.30910104063944, -42.14320338399994 -21.30612794163934, -42.14789868299993 -21.30618718663933, -42.15075284799995 -21.31001333563945, -42.15748297499994 -21.31245783163951, -42.15832817499994 -21.31696805863957, -42.16249966299995 -21.31852314163965, -42.16632806399996 -21.31516027863957, -42.17356950499993 -21.31371207263951, -42.17589367999994 -21.31569999963958, -42.17931657599996 -21.31350404163949, -42.18615955799998 -21.31541234463959, -42.18995774899998 -21.3139463556395, -42.19713473999997 -21.31529999763957, -42.20457708899994 -21.32642618963986, -42.22121276399997 -21.33327706264003, -42.22390060299994 -21.33554849364007, -42.22423432199997 -21.33781308764013, -42.22904484499997 -21.32835484763989, -42.23698668799994 -21.32450007263981, -42.23778788399994 -21.31797278363964, -42.23531042499996 -21.31669006963961, -42.23389784399996 -21.31234559963952, -42.23033186299995 -21.31038682063947, -42.22930224799995 -21.30820202963942, -42.22962557199996 -21.29706775363913, -42.22773271399994 -21.29175331263903, -42.22820985299995 -21.28109303563877, -42.21968414299993 -21.27220319363852, -42.21199970399994 -21.27202740563853, -42.20880059399997 -21.26596133963837, -42.19976989299992 -21.25638228963812, -42.19301461799994 -21.25341901163807, -42.18972487499996 -21.25050595663797, -42.19503647399994 -21.23912549863773, -42.18914728599999 -21.23330385863758, -42.18809255899998 -21.23039080463752, -42.19150786599994 -21.22361041863736, -42.19447114599996 -21.22293238063735, -42.19688177099993 -21.22587891363741, -42.19860089599995 -21.22583569363741, -42.20293407399998 -21.22044623463726, -42.20087484599998 -21.21603898263713, -42.20320032799999 -21.21328979863708, -42.20131904599997 -21.20626211763691, -42.19440836499997 -21.20203873763682, -42.19993312499997 -21.19376415763664, -42.20272061799994 -21.19198116663658, -42.20352421899997 -21.18785014963644, -42.20644983099993 -21.18610482763643, -42.20833276599995 -21.17901606763627, -42.20309813099993 -21.17461204763617)))"
3302403.0,Macaé,33,RJ,"MULTIPOLYGON (((-41.76476696799995 -22.39090814466519, -41.76506164999995 -22.39046202566518, -41.76436641599997 -22.38978347366515, -41.76406956299996 -22.39059194766518, -41.76476696799995 -22.39090814466519)), ((-41.75898879399994 -22.38468667366506, -41.75999194899997 -22.38404832566503, -41.75959829799995 -22.38274277966499, -41.75819405599997 -22.38331305466497, -41.75898879399994 -22.38468667366506)), ((-41.71536428499997 -22.41859826266578, -41.71204527499997 -22.41970516666586, -41.71303440499997 -22.42199512066591, -41.71666743099996 -22.41905708066582, -41.71726930899995 -22.41692691966576, -41.71536428499997 -22.41859826266578)), ((-41.68530174799997 -22.39958704966535, -41.68592108699993 -22.40050840666542, -41.68899008999995 -22.39981003666538, -41.68631430299997 -22.39895670566534, -41.68530174799997 -22.39958704966535)), ((-41.68858939999995 -22.40131113766538, -41.68789318599993 -22.4013795126654, -41.68782844199995 -22.40171886466544, -41.68906240099994 -22.40190645366547, -41.68858939999995 -22.40131113766538)), ((-41.70219449799998 -22.40523996566552, -41.69799083399993 -22.41112717166567, -41.70299562499996 -22.41316308166567, -41.69990109799993 -22.41884155066581, -41.70196755999995 -22.42078253466586, -41.70883431399995 -22.41773972666582, -41.71108850999996 -22.41356363166567, -41.71049000499994 -22.40978025566558, -41.70775835899997 -22.40990470166562, -41.70513494699997 -22.40556529266552, -41.70219449799998 -22.40523996566552)), ((-41.69276212699997 -22.39667691866534, -41.69184824399997 -22.39753369266533, -41.69422854699996 -22.39906456166535, -41.69133777499996 -22.39886427166539, -41.69010783499993 -22.40051539766538, -41.69200762499998 -22.40124813966542, -41.69035629599994 -22.40151124966543, -41.69156220599996 -22.40231355666544, -41.69188180699996 -22.40462835266552, -41.69518331499994 -22.40541276766553, -41.69742339599998 -22.40270385166545, -41.69501040399996 -22.40133498266543, -41.69761005299993 -22.39970685166539, -41.69488980999995 -22.39906065466538, -41.69584155699993 -22.39851352166531, -41.69276212699997 -22.39667691866534)), ((-41.69054348599996 -22.40352671166542, -41.69068620899997 -22.40360198666548, -41.69120840799996 -22.40313321866544, -41.69038615199997 -22.40294655666546, -41.69054348599996 -22.40352671166542)), ((-41.80053290799997 -22.4100091676656, -41.80066641899997 -22.41025330766561, -41.80074271399996 -22.41027238266562, -41.80064353299997 -22.40972497366564, -41.80053290799997 -22.4100091676656)), ((-41.76539058099996 -22.39199842766521, -41.76651194899994 -22.39209652266522, -41.76623628499993 -22.39064565766514, -41.76534125299996 -22.39125212966517, -41.76539058099996 -22.39199842766521)), ((-42.20670015999996 -22.36442238466456, -42.21248294499998 -22.35624975766436, -42.21160663999994 -22.35064024366419, -42.21492848199994 -22.34669269966414, -42.21573265299997 -22.34145035666398, -42.22170273099993 -22.33925021366397, -42.22403952099994 -22.3362891776639, -42.22867079799995 -22.33706759666391, -42.23054865799998 -22.3337715836638, -42.23309722699997 -22.3339043746638, -42.23744719299997 -22.33023111566374, -42.24184273299993 -22.32959221366375, -42.24697907699993 -22.32541453566362, -42.25021184399998 -22.32635279566363, -42.25583051099994 -22.32150025266354, -42.26193225299993 -22.31979462166352, -42.26417283399996 -22.31554951166342, -42.26073289499993 -22.31259433766333, -42.25909344199993 -22.31292960366332, -42.25818917399994 -22.3111119016633, -42.25189223499995 -22.30947053866328, -42.25008838399997 -22.30581771666319, -42.24944937999993 -22.29692794266299, -42.24659228099994 -22.29200643766283, -42.23931433499995 -22.28629476866272, -42.23402800199995 -22.28860271866276, -42.22747374199997 -22.27465918566245, -42.21649736199998 -22.2677626226623, -42.21103416599993 -22.25978452466209, -42.20030750099993 -22.25237261366196, -42.19695110899994 -22.24710782966181, -42.19286739699993 -22.24536522066174, -42.18531051499997 -22.24484104666177, -42.18328452399993 -22.24338948966175, -42.17858805299993 -22.23317133766145, -42.17403050799993 -22.2297766556614, -42.17144979399995 -22.22512778466128, -42.16308630799994 -22.22177112466117, -42.16036615899998 -22.21921049166115, -42.15913826499996 -22.21523485266109, -42.15339486699997 -22.21414589966103, -42.14744333499993 -22.21022510466094, -42.14266872099994 -22.21214296666095, -42.13650230699994 -22.21132826366093, -42.13389406599998 -22.21362170466099, -42.12875258699994 -22.21413422366105, -42.12589331699996 -22.21161580066096, -42.12260954899994 -22.21190571466098, -42.11827634199993 -22.2080799116609, -42.11599874599995 -22.20854957066089, -42.11414045299995 -22.20683220266083, -42.11161414699995 -22.20954105466091, -42.10908553299997 -22.20955502066096, -42.10605976799995 -22.20623474566085, -42.10200067699998 -22.20523953866082, -42.09774509399995 -22.20198109866075, -42.09319903499993 -22.20201786866071, -42.09325787099993 -22.19794118066064, -42.09664209599998 -22.19282124366055, -42.09353534899998 -22.18899718066042, -42.09744107599993 -22.1839048696603, -42.09200314699996 -22.17789380366017, -42.08835960099998 -22.16965608365998, -42.08533926099993 -22.16928690165998, -42.07599738899996 -22.16377672465985, -42.07038761099994 -22.16489366665988, -42.05552816199997 -22.16033001365977, -42.05202949899995 -22.16225462165978, -42.04016698299995 -22.16119568065975, -42.02716778199994 -22.15751900965969, -42.02011040399998 -22.14720166065943, -42.01361375199996 -22.14402956765938, -42.00639105599998 -22.14264432765935, -42.00133069199995 -22.13973666965927, -41.99938651399998 -22.13578207465918, -41.98958953399994 -22.13132173665908, -41.98394876099997 -22.12660094665896, -41.97842166299994 -22.12513718065894, -41.97422520099996 -22.12748734465899, -41.97054485499996 -22.13658733265921, -41.97230148599994 -22.13945322065926, -41.97124401799994 -22.14907446865951, -41.97304141499995 -22.15153814365958, -41.97234710599997 -22.15558469465966, -41.97459557099995 -22.16535418865991, -41.97332223799997 -22.16543560365985, -41.97117049599996 -22.15769685965969, -41.96911002299999 -22.15728608665969, -41.96704782599994 -22.15291709865958, -41.96329919699998 -22.1538936636596, -41.95898287499994 -22.15203967065957, -41.95635330399994 -22.15290993165959, -41.95625829899995 -22.15450287865964, -41.95150180499996 -22.15238464465955, -41.94982425699992 -22.15649066365965, -41.94687751099997 -22.15712881765967, -41.94634605199996 -22.15971809765974, -41.93955163499993 -22.1589972116597, -41.93854771799992 -22.1623525116598, -41.93368929699994 -22.16411884765983, -41.91958010799993 -22.16267236965981, -41.91859700999998 -22.16369660365983, -41.91944166499995 -22.17134032966004, -41.91298231199994 -22.16979527465999, -41.90884368399998 -22.1748148236601, -41.90797613999996 -22.17874987066017, -41.91208457399994 -22.18619375766037, -41.90600494899996 -22.18657408066038, -41.90339839399996 -22.18521423566033, -41.90118040899993 -22.19016838866045, -41.90292068699995 -22.19311756866051, -41.90275939099996 -22.19824803366066, -41.90561715899997 -22.20040920666071, -41.90614123799996 -22.20570216166086, -41.91022533999995 -22.20683140266087, -41.91185576499998 -22.2088289106609, -41.91355651599996 -22.20827892066087, -41.91752641399994 -22.21175359066095, -41.91604881399995 -22.21582000366108, -41.91738168999995 -22.21699545866108, -41.91663063899995 -22.22938330666137, -41.91200506599994 -22.2321820366615, -41.90561535999995 -22.23092304766143, -41.90174578199997 -22.23242672266145, -41.90044403299999 -22.23911436566165, -41.90716245199996 -22.24221190066169, -41.90566576299994 -22.24385352066173, -41.89808457899993 -22.24509347966173, -41.89460780099994 -22.24858103266182, -41.89269467099995 -22.25678807166203, -41.88613301399994 -22.2590369196621, -41.88544802699994 -22.26208783766218, -41.88699699599994 -22.26340930066221, -41.88690990199996 -22.26841771866232, -41.88197139499993 -22.27324633266239, -41.87848691499994 -22.27491232366246, -41.87394446699993 -22.27309286266241, -41.86741365399995 -22.27263915566242, -41.86423535599993 -22.27438593366245, -41.86172601299995 -22.27033806066235, -41.85974753599992 -22.26958833666233, -41.85979900499996 -22.2646787436622, -41.84823761799998 -22.23614198366157, -41.84601592899997 -22.21576294566106, -41.84047243099996 -22.2091842516609, -41.83999529499993 -22.19877895966069, -41.83284048699993 -22.19445158766056, -41.83236179799997 -22.19251653266051, -41.82929763199997 -22.19025120966044, -41.81945724299993 -22.18639281366035, -41.82471724999994 -22.14601241765943, -41.77111850499995 -22.18088100866025, -41.70569120099997 -22.25764790866204, -41.70837983899997 -22.26658026966228, -41.70519355999995 -22.27152831466239, -41.70533438899997 -22.27651313566248, -41.70334723199994 -22.27963485666258, -41.69794090399996 -22.28187891366262, -41.69854894599995 -22.28367048066265, -41.69388457699995 -22.28874539766279, -41.68910755099994 -22.298247972663, -41.68911614099994 -22.30002904666306, -41.71259650499996 -22.31664254666344, -41.73923835099998 -22.33906724166395, -41.75929221499995 -22.34957864066419, -41.77066001099996 -22.35999085766444, -41.77421149499997 -22.36581971466457, -41.77501258099994 -22.37380387666477, -41.77598532899997 -22.37018754266467, -41.77713736699997 -22.37209489166474, -41.77527960999998 -22.37491586066477, -41.77356299699994 -22.37385728266479, -41.77006110399997 -22.37692239066483, -41.76790198699995 -22.37500359766478, -41.76688346099996 -22.37709214466486, -41.76555594699994 -22.37698533466487, -41.76960334099994 -22.38037278266492, -41.77116355199996 -22.38424470166501, -41.76998481299994 -22.38636948866506, -41.76861533499994 -22.384465955665, -41.76736029899995 -22.38606431366506, -41.76618155899996 -22.38433816266501, -41.76793631699996 -22.39086129466514, -41.76920279699993 -22.38920762366512, -41.77444037699997 -22.39106347566518, -41.79033240499996 -22.40003945566538, -41.79483374799997 -22.40556504466552, -41.79772147399995 -22.40566041366552, -41.81797175699995 -22.41705538566579, -41.82806342999992 -22.40826911166562, -41.83760849899994 -22.41139454766563, -41.85515267299996 -22.41084234666566, -41.85601732099996 -22.41381262066569, -41.85724230999995 -22.41391993266571, -41.85693548199998 -22.41614144766577, -41.86027100599994 -22.41862720566582, -41.86984662299994 -22.41940907466581, -41.87928702799996 -22.41787445766581, -41.88220614299995 -22.41486285466574, -41.88838401299994 -22.41449769566574, -41.89333066699993 -22.41183484866565, -41.89872974899998 -22.40652311666554, -41.90343380799992 -22.40512827766553, -41.90690974699993 -22.40001686066536, -41.91995922399997 -22.39544750266528, -41.92880198399995 -22.39744184066532, -41.93284790299997 -22.39643987066528, -41.93389781599995 -22.39494091066526, -41.93788454799994 -22.39463792466524, -41.94153110099995 -22.3913379846652, -41.93964336699997 -22.38484192766504, -41.93746530999993 -22.38233397966498, -41.93701476899997 -22.37675079166483, -41.94057311199999 -22.37788246366485, -41.94145802499997 -22.38269968066501, -41.94436153599997 -22.38436537466503, -41.94679061999995 -22.38942598966514, -41.94953673599997 -22.38684515266509, -41.95265657799997 -22.38906229466509, -41.95761066799997 -22.3877569136651, -41.96164808799995 -22.38884404966511, -41.96362026999996 -22.38806624966511, -41.97695826599993 -22.3919726616652, -41.97914441999996 -22.39567723466528, -41.98102636599997 -22.39625313466527, -41.98987767999994 -22.39802283566532, -41.99261926599996 -22.3964046786653, -41.99736253199995 -22.40029577266538, -42.02378883799997 -22.38794392066509, -42.02687175899995 -22.3915447306652, -42.03179745799997 -22.39362330866526, -42.03445241899993 -22.39868141866537, -42.03641848799997 -22.39887315666538, -42.03821798999996 -22.40137071566539, -42.04361387199997 -22.40186563866543, -42.04926299599998 -22.40722807466553, -42.05248512399992 -22.41261027566569, -42.06313165299996 -22.41951739866586, -42.06513646399996 -22.42599278666597, -42.06278229299993 -22.43299823966617, -42.06387331999996 -22.43462274766616, -42.06873086899997 -22.43533058566624, -42.07077348799993 -22.43198763866611, -42.07415402299994 -22.43043222066608, -42.08626209799996 -22.43914184366631, -42.10579319599997 -22.43666995566624, -42.10646557799998 -22.43608868766622, -42.10257439399994 -22.43226530266614, -42.10280834099996 -22.42994371466607, -42.10015978399997 -22.42747893566602, -42.10067437599997 -22.42367274866591, -42.09842174799996 -22.41668951066579, -42.10060407599996 -22.41328092966569, -42.09653172599997 -22.40819607466556, -42.09900618399996 -22.40793826466555, -42.09879663199995 -22.40425060066547, -42.10443023899996 -22.40661321066553, -42.10744450399994 -22.40410449766546, -42.11136781399995 -22.40437796866548, -42.11706138999995 -22.40216010566544, -42.11785888499998 -22.4045834546655, -42.12381011199994 -22.40558472966551, -42.12561609799995 -22.41268730266566, -42.13032858599995 -22.41156216966566, -42.13720251499996 -22.41265113366567, -42.13813604699993 -22.41421646266571, -42.13601531599993 -22.41605555966577, -42.13931617899992 -22.4171081156658, -42.13794098599993 -22.41939270066582, -42.14014856899996 -22.42445898066593, -42.14093329999996 -22.42553958266597, -42.14314564199998 -22.42464608866598, -42.14446742799999 -22.42803440266607, -42.14966750099995 -22.426635476666, -42.15165658999995 -22.42071614066589, -42.15873927099994 -22.42445610866595, -42.16144302299995 -22.42272876766592, -42.16145765499994 -22.42857573566607, -42.16788000099996 -22.42481784566594, -42.17060328299993 -22.42153871166592, -42.17316203099994 -22.42551257366597, -42.17694680499994 -22.42627094566598, -42.18227605399994 -22.43264681866615, -42.19149394199995 -22.43325855066615, -42.19522610099995 -22.43075049466608, -42.20305526499992 -22.42945423666608, -42.20654586099993 -22.425506050666, -42.20775317799996 -22.4213624096659, -42.20420523599994 -22.41400981966569, -42.20679361099995 -22.41181262266566, -42.21143829699997 -22.41153210166567, -42.21122707999995 -22.40766151266554, -42.21692181799993 -22.4087302656656, -42.21924871099997 -22.40625302766552, -42.21441764399998 -22.39844184366533, -42.21018693599994 -22.39688877766532, -42.21069167399997 -22.39503262066526, -42.21423177599996 -22.39306064966522, -42.21408979199997 -22.39180794066523, -42.20921518899996 -22.39060319966515, -42.20728765199993 -22.38825723266509, -42.20726946399998 -22.38591734666503, -42.21035466499995 -22.38114632266493, -42.21585951899993 -22.383289062665, -42.21491396199997 -22.3760955186648, -42.21588180299994 -22.37440355466479, -42.21478425399993 -22.37316823966474, -42.20415795799994 -22.37097359966471, -42.20670015999996 -22.36442238466456)))"
3302452.0,Macuco,33,RJ,"MULTIPOLYGON (((-42.25242994299997 -21.98101993665551, -42.25060676499992 -21.97679300665545, -42.24414258299998 -21.97608327865543, -42.24464744499994 -21.97461486765538, -42.24303379399998 -21.97287791065534, -42.24075760899996 -21.97493988565538, -42.23709168699997 -21.97525194065538, -42.23374948599996 -21.97308796765534, -42.22992316199996 -21.97506529065541, -42.22872160299993 -21.97697845265545, -42.22916489699997 -21.9805306346555, -42.23124137799994 -21.98232130765556, -42.22661303999996 -21.98868558465568, -42.22241745199994 -21.99086122565573, -42.21997114599998 -21.99405413065582, -42.22452410999994 -22.00413902865605, -42.22375606099997 -22.00797387965616, -42.21944954299993 -22.00966108065619, -42.22078537899995 -22.01190723565628, -42.22356097599994 -22.01215770265628, -42.23022676099999 -22.02106236665647, -42.23416856299996 -22.02816366165662, -42.23355752999998 -22.02942722065665, -42.23547489299994 -22.02926915765662, -42.24002964299996 -22.02453024265656, -42.25104240599995 -22.02831829565665, -42.25005752899995 -22.0300815416567, -42.24047627799995 -22.03358278565679, -42.24067059299994 -22.0352066146568, -42.24892174399997 -22.04440196165701, -42.25424325399995 -22.04424311065703, -42.26034710399995 -22.04595870165708, -42.26292843299996 -22.05037475965717, -42.25971169999996 -22.05201092565718, -42.26168145299993 -22.0615340446574, -42.26110164599992 -22.06473489265749, -42.26540650899994 -22.0632496356575, -42.26582746399998 -22.06704617465752, -42.27010849899995 -22.0688967886576, -42.27056122499993 -22.07279658165771, -42.26713004299994 -22.07566384265779, -42.26536679599997 -22.0816366406579, -42.26874238099997 -22.08612418265799, -42.26763536399995 -22.08860749765806, -42.27730842199998 -22.09228363065813, -42.28270141399997 -22.08712097265807, -42.28546144999995 -22.08799465265807, -42.29201802599994 -22.08472629365799, -42.29283213799993 -22.08310998365792, -42.29741896099995 -22.08285979365792, -42.29926163299996 -22.08063985065788, -42.30286755099996 -22.08051674065787, -42.30617959499994 -22.07539379565777, -42.30946781099993 -22.07417064265773, -42.30986493799996 -22.07059252365765, -42.31194985799993 -22.0691827206576, -42.31017072699995 -22.06140299165745, -42.31141373599996 -22.05728477965728, -42.30650126799997 -22.05287666365723, -42.30249550199994 -22.05062163365714, -42.30140214999994 -22.05160188365717, -42.30028225099994 -22.04442181765701, -42.29636657299994 -22.04031949065692, -42.29876522299998 -22.02981546665665, -42.30503983899996 -22.02868762465663, -42.31160038599995 -22.03162636865671, -42.31800208199995 -21.99681416765593, -42.31488485799998 -22.00005499665597, -42.31360122899996 -21.99485364465583, -42.30829702199998 -21.98860324465568, -42.30925749199996 -21.9812888996555, -42.30555106499997 -21.98114113565555, -42.30218942099997 -21.97803807965542, -42.30052706999992 -21.97906011765549, -42.30172149999998 -21.98223705565553, -42.30015765899998 -21.98232325165557, -42.29993601199994 -21.97856756965546, -42.30122895199996 -21.97547682765541, -42.30013303099997 -21.97425777065535, -42.29509056599993 -21.97731157065542, -42.29379146999997 -21.9802791756555, -42.29091006099998 -21.98127042965552, -42.28921692599994 -21.97910937265551, -42.28224120799996 -21.98291430965558, -42.28089285699996 -21.98632520765563, -42.27681701799997 -21.98719948165565, -42.27254415999993 -21.9842318766556, -42.26839751699998 -21.98402562265559, -42.25730290499996 -21.98977852165572, -42.25242994299997 -21.98101993665551)))"
3302502.0,Magé,33,RJ,"MULTIPOLYGON (((-43.18112123599996 -22.72600221767298, -43.18081171899995 -22.72598483867294, -43.18087501499997 -22.72637515067299, -43.18139917099995 -22.72601960767296, -43.18112123599996 -22.72600221767298)), ((-43.06398398999993 -22.69427389167224, -43.06353661199994 -22.69450693567221, -43.06349763999997 -22.69467734867226, -43.06431437699995 -22.69465077467223, -43.06398398999993 -22.69427389167224)), ((-43.06035343599996 -22.6899150106721, -43.06124420299994 -22.69094139767214, -43.06196395899996 -22.69071541567212, -43.06047634799994 -22.68945475367209, -43.06035343599996 -22.6899150106721)), ((-43.10525640099996 -22.69192660567214, -43.10487063399995 -22.6919735526722, -43.10478324199993 -22.69238312367219, -43.10523446699995 -22.69239662367221, -43.10525640099996 -22.69192660567214)), ((-43.19847925599997 -22.61911650467049, -43.19844575299992 -22.61499394167039, -43.22529217399994 -22.56374442066923, -43.19814980799998 -22.55313576466892, -43.18260893599995 -22.55321970066894, -43.16204639199998 -22.54715413466886, -43.14892141099995 -22.53969746566863, -43.13591168199996 -22.53634407266858, -43.13127404899996 -22.53379091166853, -43.12639005299997 -22.53439278066853, -43.12280024899997 -22.53101213766843, -43.11793533199994 -22.53065264566844, -43.11410652399996 -22.53415000566852, -43.11070720999993 -22.53484999666853, -43.10525428899995 -22.53229555966849, -43.09598614699996 -22.52289566266823, -43.08946095899994 -22.52103781766824, -43.08704307699997 -22.51714915566813, -43.07632347699995 -22.51098183666793, -43.07552496099999 -22.5071546066679, -43.07259637499994 -22.50477715666779, -43.07063015899996 -22.50053327466773, -43.07202748199995 -22.49651745866764, -43.07677613099997 -22.49016780466749, -43.08109362399995 -22.48956622166749, -43.07913525299994 -22.48696206366743, -43.06612440499998 -22.48600730566737, -43.06303150399997 -22.48403809666734, -43.06154702299995 -22.48576586266736, -43.05634745199995 -22.48745784366741, -43.05533070499995 -22.48926605366744, -43.05298138899995 -22.48749246866745, -43.04675327599995 -22.48855924366745, -43.04467185999993 -22.49158979166755, -43.04306999899995 -22.49095152366754, -43.03568576599996 -22.49318103466758, -43.02717823099994 -22.50043297066773, -43.02661369499997 -22.50682508366789, -43.02833181399995 -22.51371166166802, -43.02417418199997 -22.51423582166803, -43.02170590799994 -22.51691490166811, -43.02375389399997 -22.52290239866821, -43.02185853199995 -22.52768744466839, -43.01786653299995 -22.52630870566835, -43.00964646999994 -22.63605357367088, -43.01206860699995 -22.63509600867085, -43.02076835999997 -22.64985027867122, -43.02253091099993 -22.66529017967154, -43.02764835299995 -22.66582194567155, -43.03001486899996 -22.6720962526717, -43.03650474699998 -22.67948454567192, -43.03634186799997 -22.68181248167194, -43.03781881699995 -22.68333978967197, -43.03613376099997 -22.68432254067201, -43.03955216199995 -22.69375836867223, -43.04202125399996 -22.69207964467214, -43.04326426799996 -22.69321246367219, -43.04560936199992 -22.69196719767217, -43.04689105399995 -22.69368108567224, -43.05134964499996 -22.69273696867219, -43.05384683399995 -22.68947273867212, -43.05240454499994 -22.68725907767208, -43.05309639399997 -22.68619054167205, -43.05547953799992 -22.6877308776721, -43.05468886699998 -22.68470784567199, -43.06620839799996 -22.68740678767204, -43.06705795699997 -22.68881765667212, -43.06635740199993 -22.68675262567204, -43.06842916399995 -22.68481156267199, -43.07356018799993 -22.68182258867192, -43.08082959299998 -22.67990469067188, -43.08464087799996 -22.67695856667181, -43.08600668699994 -22.67812663967187, -43.08456314299996 -22.6796606766719, -43.08704905699994 -22.68075501067187, -43.08839067899999 -22.68316767767197, -43.09311019999995 -22.68456793767197, -43.09270008599998 -22.68629407167206, -43.10041266699994 -22.68596057267203, -43.10592087899993 -22.6889343076721, -43.10760964099995 -22.69374681567222, -43.10683672699997 -22.69536717367227, -43.11103806999995 -22.69340930967219, -43.11573959599996 -22.69637649367226, -43.11760986299998 -22.69868637867231, -43.11642811199993 -22.70355302167242, -43.11735245199998 -22.70685368567248, -43.12421589599995 -22.71345467467265, -43.12773375899997 -22.71501810767269, -43.13393631099996 -22.71504035967269, -43.13491625899995 -22.7120528376726, -43.14158052499994 -22.70863661767257, -43.15179401099993 -22.70800150267252, -43.16492728299994 -22.7113550676726, -43.16688659599999 -22.71270062967268, -43.16670512499996 -22.7141076286727, -43.18286372599994 -22.72105676867288, -43.19474009499993 -22.72203949267287, -43.20367839099997 -22.726761799673, -43.20765834399997 -22.72728382867296, -43.21130648499996 -22.72603094467295, -43.21456293999995 -22.72774310467299, -43.22008738299996 -22.72593378467293, -43.22162683599998 -22.72445509867293, -43.22166734799998 -22.71262561567267, -43.21821143999995 -22.70974714167261, -43.21842564399999 -22.70786214567255, -43.21486134399998 -22.70300403167245, -43.21502166899995 -22.70063722267236, -43.21677627199995 -22.69950818367237, -43.21571209499994 -22.69757543367229, -43.21777820299995 -22.69591444467229, -43.21573235099999 -22.69423319967221, -43.21534748699997 -22.69087070867217, -43.21802127499995 -22.68886536867208, -43.21856818599997 -22.68165424467193, -43.22484481299994 -22.67483087867178, -43.21922640599995 -22.66785211067161, -43.21744576999998 -22.65252315167128, -43.21063289899996 -22.64262458167101, -43.19477215199998 -22.62960801867072, -43.19427948299994 -22.62297840067058, -43.19847925599997 -22.61911650467049)))"
3302601.0,Mangaratiba,33,RJ,"MULTIPOLYGON (((-44.09425439499994 -23.17510999968328, -44.09444143099994 -23.17510749568326, -44.09432111199994 -23.17482731868321, -44.09414575599994 -23.17497044168325, -44.09425439499994 -23.17510999968328)), ((-44.09086131299994 -23.17342290168325, -44.09167823499995 -23.17427562868325, -44.09292636099996 -23.17349124868321, -44.09138388399998 -23.17283427268318, -44.09086131299994 -23.17342290168325)), ((-44.12088294099993 -23.14813510068262, -44.12110932499996 -23.14761675468261, -44.12061009099994 -23.14738645268262, -44.12048853399993 -23.14785306568261, -44.12088294099993 -23.14813510068262)), ((-44.10801859099995 -23.14308535568255, -44.10814491499996 -23.14372604968253, -44.10865473199993 -23.14341679668252, -44.10843815599997 -23.14301015468253, -44.10801859099995 -23.14308535568255)), ((-44.10403432599997 -23.13716737168241, -44.10900303999994 -23.14249109768251, -44.11007666299997 -23.14242951068247, -44.10916449499996 -23.13869346868238, -44.10403432599997 -23.13716737168241)), ((-44.10311207499995 -23.1385033026824, -44.10321851599997 -23.13859445968239, -44.10346985999996 -23.13853179368243, -44.10299057699995 -23.13830711068243, -44.10311207499995 -23.1385033026824)), ((-44.14057005999995 -23.11974351068202, -44.14087205499992 -23.119676129682, -44.14017322599995 -23.11914711668198, -44.14014327499995 -23.11951954968197, -44.14057005999995 -23.11974351068202)), ((-44.14147968599995 -23.10729228668171, -44.14161133999993 -23.1072386446817, -44.14139218599995 -23.1071240956817, -44.14142132899997 -23.10719808968172, -44.14147968599995 -23.10729228668171)), ((-43.94335582099995 -23.01840020467966, -43.94347603299997 -23.01913602367966, -43.94460342999996 -23.0192918446797, -43.94413415099995 -23.01848232967965, -43.94335582099995 -23.01840020467966)), ((-43.94010923799993 -23.01663714367966, -43.94074938999994 -23.01664176867962, -43.94022849799995 -23.0159767556796, -43.93978707899997 -23.0161538316796, -43.94010923799993 -23.01663714367966)), ((-44.14009156199995 -23.1066855976817, -44.14044234799995 -23.10675995368167, -44.14104194599997 -23.10663287668166, -44.13950766999994 -23.10599912868167, -44.14009156199995 -23.1066855976817)), ((-43.96535046799993 -23.01514841967959, -43.96558274499995 -23.01541846967959, -43.96609440499997 -23.01535214567961, -43.96541747099996 -23.0150235666796, -43.96535046799993 -23.01514841967959)), ((-43.96494003399994 -23.01367070867957, -43.96546645499996 -23.01326685367954, -43.96449778299994 -23.01267846067956, -43.96440836299997 -23.01280883567953, -43.96494003399994 -23.01367070867957)), ((-44.07679662699996 -23.01170581367951, -44.07676417499993 -23.01198408067949, -44.07733323299993 -23.01216792267954, -44.07697081999998 -23.01172431267952, -44.07679662699996 -23.01170581367951)), ((-43.91227340799998 -22.99614690767919, -43.91248034699998 -22.99693949967917, -43.91320494699994 -22.99703060767918, -43.91295645699994 -22.99627185867916, -43.91227340799998 -22.99614690767919)), ((-43.90881185799998 -22.97957679367881, -43.90726780399995 -22.98147764367883, -43.90850893599996 -22.98265393367884, -43.91462211199995 -22.98328461267888, -43.91475332999993 -22.98012648967878, -43.90881185799998 -22.97957679367881)), ((-43.91621322499998 -22.97798206767876, -43.91606217999998 -22.97855409167879, -43.91715467899996 -22.97896078167879, -43.91697120799994 -22.97830485367875, -43.91621322499998 -22.97798206767876)), ((-43.87348383999994 -22.9586437746783, -43.87395786799993 -22.95824872967829, -43.87226311199999 -22.95768429567832, -43.87287668799996 -22.95846328167833, -43.87348383999994 -22.9586437746783)), ((-44.11842024299994 -23.09922137368155, -44.11940512599995 -23.09936706768152, -44.12113798999996 -23.10057739968157, -44.11939213599993 -23.09850032568152, -44.11842024299994 -23.09922137368155)), ((-44.01120455099992 -23.08696106568125, -44.01214906699993 -23.0863938276812, -44.01056272499995 -23.08535696668119, -44.01045142199997 -23.08616544668119, -44.01120455099992 -23.08696106568125)), ((-44.15955993299996 -23.03668121568006, -44.15811417299994 -23.04093945668017, -44.15903335499996 -23.0420083736802, -44.16207715799992 -23.04005956868016, -44.15955993299996 -23.03668121568006)), ((-44.13595553299995 -23.04333925668026, -44.13916690699995 -23.04376074968024, -44.13957159999995 -23.04294106068026, -44.13685075499995 -23.04041563268018, -44.13595553299995 -23.04333925668026)), ((-44.11260668299997 -23.0374970836801, -44.11304516399997 -23.0370392186801, -44.11265376699997 -23.03632327468011, -44.11223025499998 -23.0368645086801, -44.11260668299997 -23.0374970836801)), ((-44.11178224599996 -23.03795030168013, -44.11157374099997 -23.03837421168013, -44.11181265699996 -23.03878009368013, -44.11233502599997 -23.03812879068015, -44.11178224599996 -23.03795030168013)), ((-44.03004803299996 -22.99601160567919, -44.02902058099994 -22.9985369306792, -44.03059329499996 -23.00825212967946, -44.03807953799996 -23.01169324667952, -44.03942296899993 -23.01013237667947, -44.04180476199996 -23.01045478967947, -44.04105295499993 -23.00701342567943, -44.04290326799998 -23.00611749667939, -44.04715744599997 -23.01151077767951, -44.05315192999996 -23.00711821467942, -44.05254981299998 -23.00340856367931, -44.05017233799998 -23.00109676067925, -44.04695044799997 -23.0021721486793, -44.04278139099994 -23.00005414067926, -44.03979055899998 -23.00017832367925, -44.03460163799997 -22.99624408567916, -44.03366074299998 -22.99982533167925, -44.03037613599996 -23.00006865067925, -44.03004803299996 -22.99601160567919)), ((-43.95172626099997 -23.0051723486794, -43.94913159099997 -23.00600789567943, -43.95035193799998 -23.00872833167944, -43.95255077699994 -23.00989793767947, -43.95340564499997 -23.0059380426794, -43.95505395799996 -23.00589509467943, -43.95370658099995 -23.00475168067937, -43.95172626099997 -23.0051723486794)), ((-43.95323435099994 -23.00364267667935, -43.95481444199999 -23.00238271367934, -43.95237332299997 -23.00075443967924, -43.95190333299996 -23.0011090346793, -43.95323435099994 -23.00364267667935)), ((-43.94610414999994 -23.00362676467931, -43.94622763799998 -23.00426568867937, -43.94730926799996 -23.00467618167939, -43.94716200199996 -23.00376940367936, -43.94610414999994 -23.00362676467931)), ((-43.93013332099996 -23.01304829667956, -43.93049572499995 -23.01271676667957, -43.93043148199997 -23.01192564167951, -43.92993566899997 -23.01276965967955, -43.93013332099996 -23.01304829667956)), ((-43.94459401499994 -23.00394630067932, -43.94496451899994 -23.00447713667934, -43.94546327899996 -23.00406322367935, -43.94532985999994 -23.00382734467934, -43.94459401499994 -23.00394630067932)), ((-43.94794773999995 -23.00339430167933, -43.94760081199996 -23.00351206767936, -43.94764083999996 -23.00391027967935, -43.94814212199997 -23.00370972067934, -43.94794773999995 -23.00339430167933)), ((-43.92476977099994 -23.00768976967944, -43.92523452699992 -23.00776118467941, -43.92540958899997 -23.00760416967942, -43.92502913199996 -23.00737825767944, -43.92476977099994 -23.00768976967944)), ((-43.94322844899994 -23.00395404267935, -43.94350671199994 -23.00399999567935, -43.94378098699996 -23.00410664667936, -43.94331981999994 -23.00357076067932, -43.94322844899994 -23.00395404267935)), ((-43.94843803899994 -23.00474660967935, -43.94868904499998 -23.00457781367936, -43.94837622499995 -23.00405019667936, -43.94829732499993 -23.00424379867934, -43.94843803899994 -23.00474660967935)), ((-44.00525816099996 -23.07217314068089, -44.00423867999995 -23.07418763668096, -44.00195969699995 -23.07383072068091, -43.99220070599994 -23.06583793168078, -43.99098236199995 -23.06364051968069, -43.99172056299994 -23.05763047468056, -43.98869905099997 -23.05725980868057, -43.98691025799995 -23.05995811368061, -43.98245871199998 -23.05817877868059, -43.97785158799996 -23.04958003468041, -43.97372208999996 -23.0455040756803, -43.96505246699996 -23.04423083168023, -43.96332487199992 -23.04194872168025, -43.96152513099997 -23.04310692868023, -43.95443353499996 -23.04092639268019, -43.94747778899995 -23.05044147968043, -43.93955630399994 -23.05244537168048, -43.93339088899995 -23.05716498068059, -43.91610079599995 -23.05927409068062, -43.89946680999997 -23.06879559668085, -43.89243015599993 -23.06944848568083, -43.88232275699993 -23.06699629668079, -43.87836197799992 -23.06261657668071, -43.87681333799997 -23.05660953768051, -43.87739654599994 -23.04983126868038, -43.88101839399997 -23.04210275168021, -43.88565031499996 -23.04019239168015, -43.89438517899998 -23.03299466168003, -43.90880205099995 -23.02619531767987, -43.91291773399995 -23.02087607267974, -43.91034532599996 -23.02154548767977, -43.90846317499995 -23.02506420067985, -43.90068914799996 -23.02962751467993, -43.89009871499997 -23.03328201068, -43.86453889399996 -23.04526914768028, -43.85901164799998 -23.07274475268091, -43.89131801299992 -23.07607870268099, -43.96411295099995 -23.08909920268126, -43.96955521099994 -23.09116061868132, -43.97098949099995 -23.09435740168143, -43.97321356299994 -23.09382487168141, -43.97986557499995 -23.0987381256815, -43.98907311199997 -23.1024069626816, -43.99615596899996 -23.10116776368157, -43.99806549699997 -23.09654659868148, -44.00634072199994 -23.09652881468146, -44.00577892299997 -23.0939065326814, -44.00798088999993 -23.09398297568141, -44.00914608599993 -23.08563653668123, -44.00755973099995 -23.08296294868112, -44.01058051099994 -23.07942293568107, -44.01204951099992 -23.07942269168105, -44.00714856299992 -23.07235382668092, -44.00525816099996 -23.07217314068089)), ((-44.12843179699995 -23.04218680068022, -44.13049903099994 -23.04154430068019, -44.13095275599994 -23.03948222268015, -44.12978077099996 -23.0360121246801, -44.12507018999997 -23.03754660568008, -44.12321360999994 -23.03973383568014, -44.12843179699995 -23.04218680068022)), ((-43.94394771999998 -23.02019222267968, -43.94495504399998 -23.02422685867981, -43.94772623999994 -23.02462927767983, -43.94603204099997 -23.02078911367974, -43.94394771999998 -23.02019222267968)), ((-43.95306606099995 -23.02259311967978, -43.95096423399996 -23.02442073767981, -43.95227697599995 -23.02610062067985, -43.95385310699992 -23.02576241467982, -43.95345810599997 -23.02366757067977, -43.95492172899997 -23.02345161067976, -43.95306606099995 -23.02259311967978)), ((-44.10988058999992 -23.02387674767983, -44.11097283899994 -23.02316930167977, -44.10980310599995 -23.02211914167977, -44.10948958899996 -23.02250271667979, -44.10988058999992 -23.02387674767983)), ((-44.11022248399996 -23.02593014667984, -44.11047919999992 -23.02596740967987, -44.11079247099997 -23.02575366167984, -44.11028729799994 -23.02551667367984, -44.11022248399996 -23.02593014667984)), ((-43.94026328499996 -23.0153194176796, -43.94061084699996 -23.0154163356796, -43.94085227799997 -23.01520484967958, -43.94050217599993 -23.01514657267959, -43.94026328499996 -23.0153194176796)), ((-44.11027437399997 -23.02488673767983, -44.11053325899996 -23.02484075867986, -44.11046967299995 -23.02461085667984, -44.11023349699996 -23.02465683667982, -44.11027437399997 -23.02488673767983)), ((-44.10881189899992 -23.02352822467979, -44.10901173999997 -23.02348224467983, -44.10897540499996 -23.0232774196798, -44.10877102199998 -23.02331086167981, -44.10881189899992 -23.02352822467979)), ((-44.17240383699992 -22.98616909367894, -44.17242478499998 -22.98416506667888, -44.17886121099996 -22.98049952867879, -44.17819704999993 -22.97300730467865, -44.18186552799994 -22.96704882367851, -44.18398279599995 -22.9588015166783, -44.18765567599996 -22.95182792167815, -44.18742944599995 -22.94067973667789, -44.19310769699995 -22.92810331767763, -44.18240420199992 -22.92547295967753, -44.17811767799997 -22.92806405167764, -44.17459781699993 -22.92771119767759, -44.17305738799996 -22.9226173646775, -44.17406266599994 -22.92064849367742, -44.17241019199997 -22.91915094967742, -44.17413258199996 -22.91568886367732, -44.16984325499994 -22.91267369867723, -44.16782707999993 -22.9066897296771, -44.16461373199996 -22.90350134967704, -44.15512339699995 -22.90216298967704, -44.15201627799996 -22.89363104267685, -44.15023308199994 -22.89291887467681, -44.14907758199995 -22.89000173067672, -44.14422087699995 -22.88704797167667, -44.14254098599996 -22.88240998367656, -44.13333922899994 -22.87755351367644, -44.12778050099997 -22.87722199167643, -44.12470742099998 -22.87499679867635, -44.12423671099998 -22.87272057167634, -44.11881697299997 -22.86733557167622, -44.11913547399995 -22.86273668867608, -44.11751645899994 -22.86081005667603, -44.11155808199992 -22.85923153167604, -44.11306247099996 -22.86108018067605, -44.11194062199996 -22.86459338067615, -44.10427353799997 -22.86894404167625, -44.10237142399995 -22.87268074167634, -44.09448486799993 -22.87767162867648, -44.08846893699995 -22.88364315067658, -44.07920815999994 -22.87937117267646, -44.07130644099993 -22.87816743467647, -44.06418729499994 -22.88060790967649, -44.05855238799995 -22.87824926367644, -44.05151490299993 -22.87770556567641, -44.04525900799995 -22.88298526467657, -44.04158227699997 -22.88323361767659, -44.03622838099994 -22.87933167167646, -44.03274829199995 -22.87884723567648, -44.02771397599997 -22.8759056376764, -44.02632731899995 -22.87348148967636, -44.01826275799992 -22.87067390967628, -44.01408806699994 -22.86453732567615, -44.00937779399992 -22.8625261936761, -44.00944407499997 -22.86085367967605, -44.00711541199996 -22.85933797967603, -44.00378637999994 -22.85904235867602, -44.00054718899997 -22.8530691386759, -43.99908938599997 -22.84508012467569, -43.99022887899997 -22.84235120167561, -43.99106149599993 -22.84677710767577, -43.98844759999997 -22.84648503867574, -43.98368017799999 -22.84916804567578, -43.98102334999992 -22.84790024967577, -43.97418190399998 -22.85452412967593, -43.98041137699994 -22.86595680767621, -43.97684951699995 -22.87047161567625, -43.97346206199996 -22.87181900267629, -43.97395698099996 -22.87618411067639, -43.96487224799994 -22.88635227267664, -43.96014185799999 -22.88562599067662, -43.95778341199996 -22.88782196067668, -43.95028327399995 -22.88712588267668, -43.94227145799994 -22.88467361567659, -43.93897215899995 -22.88119061667654, -43.93767048099993 -22.88469044167664, -43.93838167799998 -22.88783034967668, -43.93605368999994 -22.89218166567678, -43.92724226299998 -22.89449794667683, -43.92196996099994 -22.89413851467683, -43.92109602399994 -22.89311803567679, -43.92247141699993 -22.89043401567676, -43.91325626799994 -22.8845401456766, -43.90584015499996 -22.88618839167666, -43.89302231499994 -22.88180921367652, -43.88564460699996 -22.88558695467664, -43.88064208099996 -22.91577667467734, -43.88195942699996 -22.92090635667742, -43.88557022699995 -22.92227402367747, -43.88929026499994 -22.92137639967743, -43.89434348699994 -22.92265672867746, -43.89652063799997 -22.92484905167756, -43.91048056899996 -22.9310430926777, -43.93241044399997 -22.92890860267765, -43.93998351799996 -22.93044915567767, -43.94873769399992 -22.92703159867756, -43.95430627699994 -22.92745291467759, -43.95528870899993 -22.92929480267764, -43.96452259099993 -22.93433715067778, -43.97700038899995 -22.93142189167769, -43.98194772499993 -22.93267539667775, -43.98447726799997 -22.93497152667779, -43.98890438399996 -22.93557335767779, -43.99091032199993 -22.94026947967787, -43.99753826699997 -22.94198604267792, -44.00585694399995 -22.94213602567795, -44.01228394899994 -22.94592652267803, -44.01088266399995 -22.94806867667806, -44.01298833399995 -22.95136853067816, -44.01800669299995 -22.95210999367816, -44.02282620799996 -22.95629419167823, -44.02347727899996 -22.96040838667837, -44.02092212399998 -22.96112944767839, -44.02133338799996 -22.96264838267838, -44.02408771699993 -22.9635103176784, -44.02617481699997 -22.96230895167839, -44.03052447699996 -22.96426886167842, -44.03277821999994 -22.97113574467863, -44.03278449099997 -22.9811338176788, -44.03357413099995 -22.98029323967879, -44.03403576799996 -22.98144122267883, -44.04294028499992 -22.9845312846789, -44.04644700299997 -22.98456483067889, -44.05580972199994 -22.98113644667881, -44.05268500299997 -22.97306707667864, -44.04751518599993 -22.97081988467861, -44.04184774499998 -22.96307837067842, -44.04265459199996 -22.96009708567837, -44.04590778299995 -22.95658205067825, -44.04406643699997 -22.9541978086782, -44.04004064599996 -22.95251992067813, -44.04013881799995 -22.94905854367811, -44.04731454699997 -22.94198231567794, -44.05320890099994 -22.94207136567793, -44.05433680399994 -22.94463408167798, -44.05805044999993 -22.94439806167798, -44.06104974299995 -22.94615448667803, -44.06250463099997 -22.94956543867812, -44.07477988799997 -22.95233656167818, -44.08132769299993 -22.9594998716783, -44.08016082999995 -22.96145608067836, -44.08142412199993 -22.96553901967845, -44.07943407899995 -22.96891847667854, -44.07604406899996 -22.96909903067853, -44.07564989899998 -22.97297911767865, -44.07854702499997 -22.97630167967872, -44.07762355299996 -22.97880522767878, -44.08122779999997 -22.98457624967888, -44.08044309399997 -22.98610242467895, -44.08297504399996 -22.99359865867909, -44.08741236299995 -22.99247206467909, -44.09610042799994 -22.99561120267918, -44.09667234599993 -22.99805732167924, -44.09471226999995 -22.99870574267924, -44.09594089399996 -23.00485757567937, -44.09952687599997 -23.00920093567949, -44.10393041899994 -23.0104285146795, -44.10474348699994 -23.0146030056796, -44.10772266399993 -23.0154266546796, -44.11334568699992 -23.02320343267976, -44.12440140099993 -23.02630494267986, -44.12738403899993 -23.02880285867991, -44.12713131299994 -23.03066944567995, -44.12987935499996 -23.03119106967995, -44.12980059399995 -23.03248346868, -44.13661888699993 -23.03324735568001, -44.14469068399994 -23.0360320486801, -44.14688706499993 -23.03500276168003, -44.15034078299993 -23.03603658268008, -44.15260631199993 -23.04101775968019, -44.15410861399993 -23.0407170916802, -44.15435719899995 -23.03617118168007, -44.15737768799993 -23.03491750468006, -44.15473828299997 -23.03547126768005, -44.15963545199997 -23.03327569368, -44.16022433599994 -23.03178266167999, -44.16566011699995 -23.03393680868004, -44.16618524399995 -23.0286036636799, -44.16478749799994 -23.02586714967985, -44.16617934599998 -23.01525136067961, -44.16297986499995 -23.00979012767951, -44.16517395599993 -23.00500285167939, -44.16769885899998 -23.0033560496793, -44.16851887499995 -22.99620627567917, -44.17240383699992 -22.98616909367894)), ((-43.91177301399994 -22.94196181867794, -43.91232512599998 -22.93511553167776, -43.90810228299993 -22.93540089367776, -43.90564078099993 -22.93397169467776, -43.90423579999998 -22.93092691267767, -43.90199906999992 -22.93036662267766, -43.89729977099994 -22.93298856567771, -43.89387506699996 -22.9330044286777, -43.89353736999992 -22.93408824667771, -43.89235646399994 -22.93354522967773, -43.89266847399995 -22.9282474246776, -43.88817696899997 -22.92898623067762, -43.88687222499993 -22.93173475167771, -43.88246018999996 -22.92484288767753, -43.88222375599997 -22.94874142867807, -43.88625483599998 -22.94818993067808, -43.89236376199995 -22.95399996467819, -43.89259437699995 -22.95635390367828, -43.89708658799997 -22.95867425567829, -43.90702056599997 -22.95866543667828, -43.90999954099993 -22.95611810667824, -43.90720446399996 -22.9536706696782, -43.90896089699997 -22.9524798986782, -43.90666910899994 -22.95180920267814, -43.90539430999997 -22.94878183967808, -43.90879992699995 -22.94446947067796, -43.91279553399993 -22.94396284967797, -43.91177301399994 -22.94196181867794)), ((-43.91685794099993 -22.99108534167908, -43.91826928099994 -22.99304431267908, -43.91767573399995 -22.99508962267915, -43.92227211499993 -22.99722433067916, -43.92499028199995 -22.99982244067925, -43.92675903799994 -23.00443962367933, -43.93123696099997 -23.00765118767943, -43.93045642299995 -23.01178932467952, -43.93545447099996 -23.01508208267957, -43.93362692699997 -23.01021152067944, -43.93762304599994 -23.00741061167943, -43.93740100499997 -22.9986782586792, -43.93195122599997 -22.99689775267916, -43.93089970699997 -22.99260430767909, -43.92746423299997 -22.98889700367902, -43.92303683999994 -22.99149550367905, -43.91851558699994 -22.98825284267897, -43.91685794099993 -22.99108534167908)), ((-43.91505903599995 -22.94052513367787, -43.91625008999994 -22.94272409467796, -43.92083737899997 -22.94470913067801, -43.92099926499996 -22.94202790467789, -43.91528212499998 -22.93943281467784, -43.91505903599995 -22.94052513367787)), ((-43.90802642299997 -22.99089841867906, -43.91028375599996 -22.99519912667911, -43.91347538599996 -22.99541312967913, -43.91199040199995 -22.99196881167905, -43.90884163599998 -22.98968936867904, -43.90802642299997 -22.99089841867906)), ((-44.04022560899994 -22.98921468567903, -44.04129274099995 -22.99075945567904, -44.04490646199997 -22.98860419067897, -44.04250461899993 -22.98651496967891, -44.04022560899994 -22.98921468567903)), ((-43.91919890799993 -22.98506100567894, -43.91926986999993 -22.98741983067899, -43.92295036399997 -22.98813227967898, -43.92226305499997 -22.98562114367892, -43.91919890799993 -22.98506100567894)), ((-43.94702714899995 -22.95953409867832, -43.94700604599995 -22.96109438267836, -43.95193421299995 -22.96008375067836, -43.95041673899994 -22.95939606667831, -43.94702714899995 -22.95953409867832)), ((-43.96321369699996 -22.94487105767799, -43.96369189399996 -22.94376602967798, -43.96126399299992 -22.94324864367796, -43.96174517599996 -22.94431465967795, -43.96321369699996 -22.94487105767799)), ((-43.96652537399996 -22.94345875367796, -43.96556604199997 -22.94351435867797, -43.96716518899996 -22.94558179367802, -43.96744804799994 -22.94371673067796, -43.96652537399996 -22.94345875367796)), ((-43.91152440099994 -22.96242235567839, -43.91225191499996 -22.96105383067839, -43.91110682999994 -22.96025037067838, -43.91099169099994 -22.96150521767838, -43.91152440099994 -22.96242235567839)), ((-43.92327633699994 -22.98246498967882, -43.92273863399998 -22.98315829567886, -43.92385449099999 -22.9841703866789, -43.92410370999993 -22.98279610767887, -43.92327633699994 -22.98246498967882)), ((-43.92757583099996 -22.94717376167801, -43.92730196299993 -22.94783588067806, -43.92901032499998 -22.94888591667806, -43.92882092199994 -22.94802379467805, -43.92757583099996 -22.94717376167801)), ((-44.00103592299996 -22.96314966367843, -44.00065777299994 -22.96187116267838, -43.99956017399995 -22.96172850467836, -43.99973409499994 -22.96232560167841, -44.00103592299996 -22.96314966367843)), ((-44.00852829099995 -22.94811254667806, -44.00931527799997 -22.94757531067804, -44.00887404099995 -22.94682010167804, -44.00788710299997 -22.94707983667803, -44.00852829099995 -22.94811254667806)), ((-43.92354168699995 -22.94564650767798, -43.92305001599993 -22.94425336867801, -43.92217812699993 -22.94431743767795, -43.92259946499995 -22.945158061678, -43.92354168699995 -22.94564650767798)), ((-43.88724578499994 -22.92667653767755, -43.88736617799997 -22.9278303246776, -43.88800470299997 -22.9280123196776, -43.88814582999998 -22.92698436467758, -43.88724578499994 -22.92667653767755)), ((-43.93584615099996 -22.98235849767885, -43.93533280399998 -22.98110719967881, -43.93471165799996 -22.98125042267882, -43.93496759799995 -22.98188714767885, -43.93584615099996 -22.98235849767885)), ((-43.91594223199996 -22.99531051667915, -43.91595621499993 -22.99545593167918, -43.91676693399995 -22.99531318567913, -43.91621693899997 -22.99471839967915, -43.91594223199996 -22.99531051667915)), ((-43.95970776099993 -22.9334763326777, -43.95997533199994 -22.93338856867771, -43.95968831099997 -22.93306595067772, -43.95959875599993 -22.93322987967771, -43.95970776099993 -22.9334763326777)), ((-43.99807022899995 -22.96036157967832, -43.99840618499996 -22.96016569967835, -43.99836836899993 -22.96003925267832, -43.99807865699994 -22.96003163467835, -43.99807022899995 -22.96036157967832)), ((-44.00612555899993 -22.96462848767846, -44.00636002699997 -22.96449231467847, -44.00618688199995 -22.96428971367846, -44.00601012799995 -22.96441592367842, -44.00612555899993 -22.96462848767846)), ((-43.96084991299994 -22.93290154367773, -43.96105112899993 -22.93275849567772, -43.96078990199992 -22.93252766767768, -43.96070164899992 -22.93266421367771, -43.96084991299994 -22.93290154367773)), ((-44.00694098399998 -22.96538299367844, -44.00705913099995 -22.96530018167849, -44.00673384899993 -22.96495455467846, -44.00678865899994 -22.96524853067845, -44.00694098399998 -22.96538299367844)))"
3302700.0,Maricá,33,RJ,"MULTIPOLYGON (((-42.92913335699995 -23.02492033967981, -42.92907257099995 -23.02518233467985, -42.92931448699994 -23.02522850267981, -42.92936037299995 -23.02492808967982, -42.92913335699995 -23.02492033967981)), ((-42.92519011399997 -23.02106319467975, -42.92631341199996 -23.02299310667977, -42.92896289799994 -23.02427897367984, -42.92815960799993 -23.02215452567977, -42.92519011399997 -23.02106319467975)), ((-42.91485535199996 -23.00814857367947, -42.91349248299997 -23.00752496167941, -42.91287880399994 -23.00849839667942, -42.91956777899998 -23.01664909167965, -42.92389551099995 -23.01863814367969, -42.92176334299995 -23.01386998267959, -42.91485535199996 -23.00814857367947)), ((-42.90709349099996 -23.00652698467939, -42.90769864299995 -23.00744641067941, -42.90878758699994 -23.00752928167945, -42.90690386299998 -23.00557535567939, -42.90709349099996 -23.00652698467939)), ((-42.90744762299993 -23.00470636467936, -42.90780363299995 -23.00575058067941, -42.90946370099993 -23.00599627667941, -42.90771219799994 -23.00468868367932, -42.90744762299993 -23.00470636467936)), ((-42.69119844199997 -22.96228747767839, -42.69214007299995 -22.96215611167839, -42.69228987699994 -22.96205758667839, -42.69156938699995 -22.96176201167839, -42.69119844199997 -22.96228747767839)), ((-42.98175712999994 -22.92964125767766, -42.98295936199997 -22.92688756667756, -42.97602253999996 -22.92203775867743, -42.97477409299994 -22.91882325867743, -42.95451579099994 -22.90886533067718, -42.95284549799992 -22.90423430667708, -42.95681373799994 -22.90081112567699, -42.95446608599995 -22.90092860567697, -42.95597242899998 -22.89380336267684, -42.93770956599997 -22.88825567067672, -42.92737324399997 -22.88232833067654, -42.91981323699996 -22.88177521467656, -42.90874976199996 -22.87802262367644, -42.90556970399995 -22.8793735506765, -42.90095503299994 -22.87756832967643, -42.89507312099993 -22.87112452767629, -42.88545096699993 -22.86746671567624, -42.88115922399992 -22.86837087367623, -42.87907722199997 -22.87032154967632, -42.87407178099993 -22.87038800867628, -42.87133073099994 -22.86874889367627, -42.86830693499996 -22.87205773567631, -42.86403200499996 -22.87220430967634, -42.86144409299993 -22.87663098667642, -42.85739363999993 -22.87710262267642, -42.85355607899992 -22.87125595367631, -42.84711932499993 -22.87278954067632, -42.84243020999996 -22.87104224067628, -42.83580488999996 -22.8706154586763, -42.82985678999994 -22.8680719356762, -42.82932661399997 -22.86304455267611, -42.82430199499997 -22.85901982367606, -42.81988144299998 -22.85980498267604, -42.81527094599993 -22.85892471467602, -42.81133321099996 -22.85662135067597, -42.80019752899994 -22.85371460767591, -42.79746125799993 -22.85212037767586, -42.79718189499993 -22.84976836767582, -42.79462459699993 -22.84900417667579, -42.78671598799996 -22.84772897567574, -42.78126338699997 -22.84882461767576, -42.76729001499995 -22.84266991767565, -42.76116575599998 -22.8442567526757, -42.76108326399997 -22.84605853467571, -42.75647841399996 -22.85037825867583, -42.74889597199995 -22.85208812767585, -42.74427271599995 -22.84711195467575, -42.73562605099994 -22.84476888567569, -42.73356687999995 -22.84077615967563, -42.73189412799996 -22.84181663467562, -42.72945172699997 -22.84080851867561, -42.72668131899996 -22.84498855967569, -42.72471866199993 -22.84523936567568, -42.72436202899996 -22.84790706267575, -42.72213693799994 -22.8482330026758, -42.71624985099993 -22.85367833767589, -42.70393463299996 -22.85208577767586, -42.70027892799992 -22.85014953367585, -42.69972152199994 -22.85415576567594, -42.69640488399994 -22.85725931367595, -42.69129655399996 -22.85551215867595, -42.68690146799997 -22.85490113867592, -42.68407843199997 -22.85599650767591, -42.67771531899995 -22.85427274767593, -42.67577758699996 -22.85571760867595, -42.67011807099993 -22.85568743367596, -42.66594803899993 -22.85819379567603, -42.65993829699993 -22.85901117967601, -42.66187188399993 -22.86345450567611, -42.66918282199997 -22.86873594367621, -42.67183547099995 -22.87275539667634, -42.67409459899994 -22.87317736367634, -42.67719005299995 -22.87772609767644, -42.67786375199994 -22.88302499867656, -42.67638921499996 -22.88803151967673, -42.67895530599997 -22.89613600867686, -42.67388564099997 -22.90364853167703, -42.67963030499993 -22.90879497967713, -42.67600207099996 -22.91080553167718, -42.67349424399998 -22.90970789667716, -42.67023475499997 -22.91103247867724, -42.66762481799998 -22.91040950367724, -42.66534656299995 -22.90744639167712, -42.66322373399998 -22.90819290567716, -42.65533188299997 -22.90385858167704, -42.65243151899994 -22.90434461167704, -42.64658546499992 -22.90786531067716, -42.63806866099997 -22.9178698146774, -42.63419090499997 -22.91973605667742, -42.64164622599998 -22.93550916267777, -42.64121239099995 -22.93753778567782, -42.66940152199993 -22.94234188167793, -42.68047865099992 -22.94615765367802, -42.68249932399993 -22.94938520467809, -42.68148433599998 -22.95105085367815, -42.68265555499993 -22.95756322067827, -42.68976103299996 -22.96207914567839, -42.69353323099994 -22.96136709867839, -42.69543887399993 -22.95800398867831, -42.70021187099996 -22.95692819567824, -42.72745387699995 -22.95618124167826, -42.87070917699997 -22.96564925167847, -42.89060604799994 -22.96887094867855, -42.91377990999997 -22.97477660467865, -42.92848510699996 -22.9744663476787, -42.96683632399998 -22.97000593067857, -42.99488388099996 -22.96939692067854, -43.01183953699995 -22.97065836367857, -43.01442509299994 -22.97409720667867, -43.01375387299998 -22.97677762067871, -43.02344943199995 -22.9712346816786, -43.02458019599993 -22.96749151067851, -43.02202646899997 -22.96483918467846, -43.02166695699997 -22.96023958567833, -43.01713055899994 -22.9574934436783, -43.01289963299995 -22.95671822267825, -43.01376365199996 -22.95563177867823, -43.01239982999993 -22.95143852367818, -43.00674868199996 -22.94991669267809, -43.00307939899994 -22.94527222867801, -42.99187344899996 -22.94038124467791, -42.99054412299994 -22.9367712176778, -42.98276847899995 -22.9322734146777, -42.98175712999994 -22.92964125767766)))"
3302809.0,Mendes,33,RJ,"MULTIPOLYGON (((-43.77394506299999 -22.52477750866828, -43.76991926099998 -22.51795894666816, -43.76577621699994 -22.45879334066674, -43.75389237899998 -22.45998019366679, -43.74987659899995 -22.46222654866681, -43.74905589699995 -22.46344331266688, -43.75169382299998 -22.46588975266691, -43.74963326899996 -22.47136539366702, -43.74532244799997 -22.47332131766709, -43.74107020299994 -22.48238337766731, -43.73842327199998 -22.48217913966732, -43.73685472099994 -22.48385389466733, -43.73470204799997 -22.48328611166728, -43.72926007299998 -22.47773578066718, -43.72142988199994 -22.46690774466695, -43.71512925599994 -22.4550364446667, -43.71089089699995 -22.45765865166674, -43.71081392399998 -22.46051959466679, -43.70698270899992 -22.46343101866684, -43.70375238199995 -22.45999875066678, -43.70135661099993 -22.46080947166679, -43.70004584499997 -22.45931670166679, -43.69837113899995 -22.46067179166683, -43.69493539199993 -22.45964111666676, -43.69326151699994 -22.46174670466683, -43.68843479799994 -22.46304535666684, -43.70016428899999 -22.53729586066861, -43.70163284799997 -22.53706395766855, -43.70249774099995 -22.5386625466686, -43.70193242199996 -22.54329724066872, -43.70395466699995 -22.54625371466878, -43.70755571099994 -22.54658067466877, -43.71046788499994 -22.54831410966881, -43.71051416099993 -22.54972482666885, -43.71244211199996 -22.54954512966888, -43.71516971699997 -22.55246864966893, -43.72461607799993 -22.55718254666906, -43.72259092099994 -22.56202829366918, -43.72345995599993 -22.56437634066922, -43.72868624799998 -22.56357367466917, -43.73328638499998 -22.5684783246693, -43.73531885999995 -22.56883254566931, -43.73608060599996 -22.57179586366942, -43.73884630499997 -22.57225455666941, -43.74003289999995 -22.57583101366948, -43.74416135499995 -22.57670215666949, -43.74382045899994 -22.57839943566951, -43.75420873599995 -22.58390350666966, -43.75492946399999 -22.58612840066971, -43.76250493299995 -22.59182576666983, -43.76488875999996 -22.59226521766989, -43.76704767899997 -22.5949408516699, -43.76965950199997 -22.59409385966988, -43.77147188699995 -22.59552430666995, -43.77260743899995 -22.59968153967003, -43.77023262299997 -22.6022053516701, -43.77114287099993 -22.60622129667018, -43.77574745099997 -22.60037244567005, -43.77449953199994 -22.59903745366999, -43.77629319499994 -22.59696839866996, -43.77439147199993 -22.59557350866995, -43.77122873199994 -22.58804668866978, -43.77396428899993 -22.58727698866972, -43.77885827299998 -22.58071613866959, -43.77685405199997 -22.57523100566947, -43.77899893199998 -22.57268123366942, -43.77599053799997 -22.5687162486693, -43.77626602999992 -22.56697674466924, -43.78292003399997 -22.56393421166918, -43.78359782199993 -22.5587445716691, -43.78632125699993 -22.55730803966906, -43.78609157799996 -22.55329013766898, -43.78814259199997 -22.55062440666886, -43.78927989399994 -22.55037711566887, -43.79024955799996 -22.55219856266892, -43.79338986699996 -22.54883933066886, -43.79762269499997 -22.55188107666894, -43.78904687499993 -22.5344393626685, -43.78361288199994 -22.53213669166847, -43.78076446799997 -22.5330516496685, -43.77773198599993 -22.53119147866847, -43.77394506299999 -22.52477750866828)))"
3302858.0,Mesquita,33,RJ,"MULTIPOLYGON (((-43.44465183799997 -22.77436756967404, -43.43226128599998 -22.76597625067386, -43.42766183399993 -22.76739675767391, -43.42293766299996 -22.76434092067382, -43.41897367199994 -22.76842205167395, -43.41074465299995 -22.76806915667396, -43.39714225899996 -22.77759454167412, -43.41006727999997 -22.79136815867446, -43.42115481099994 -22.79861951367462, -43.42811855099996 -22.8013800796747, -43.42958386799995 -22.80450869867476, -43.43673926699994 -22.80868024367488, -43.44250944799995 -22.81538961167501, -43.44322188199992 -22.8188938596751, -43.44840299699995 -22.82603087267524, -43.45254246299992 -22.82779743067531, -43.45654109799995 -22.83200009667539, -43.46921802099995 -22.84041096967559, -43.48489964699996 -22.83070763267534, -43.49006231699997 -22.81551492867503, -43.49631956899997 -22.81383884567498, -43.49164522399997 -22.80223508367473, -43.50194821699994 -22.79561123367455, -43.50239452199997 -22.79334893067453, -43.47172351399995 -22.78806959467443, -43.46865059299994 -22.78247487267427, -43.46537043799997 -22.78229776567426, -43.46343674799993 -22.78400541467433, -43.46194253099998 -22.78183485867427, -43.45915779599994 -22.78173365967421, -43.45635402299996 -22.77910099867416, -43.45008986499992 -22.77760572667412, -43.44757721499997 -22.77496888667409, -43.44465183799997 -22.77436756967404)))"
3302908.0,Miguel Pereira,33,RJ,"MULTIPOLYGON (((-43.49163093099997 -22.41983926366586, -43.43868967799993 -22.44563362666646, -43.44245114699999 -22.4490293666665, -43.44236668099995 -22.45116442866659, -43.43470309499997 -22.4605793706668, -43.43662826099995 -22.4640501676669, -43.43991989399995 -22.46424595366686, -43.44082949199998 -22.46878386366699, -43.43794670899995 -22.47109142366706, -43.43692634399998 -22.47456462366709, -43.43114307499997 -22.47469772766715, -43.43052732599994 -22.47622853866714, -43.42870113099996 -22.47508583666714, -43.42928535999994 -22.47191639766707, -43.42412583699996 -22.47137439966705, -43.42007866399996 -22.46878975566698, -43.41514165099994 -22.47002077166702, -43.41156395099995 -22.46896615066703, -43.40871232499995 -22.47030755866702, -43.40457558399999 -22.46970034066702, -43.40301644099997 -22.46760946566696, -43.39480267699996 -22.46345733266687, -43.38345305099994 -22.4607772806668, -43.37635927399997 -22.45426145666667, -43.37366081399994 -22.4546633876667, -43.37423981199998 -22.45171733666658, -43.36956884399996 -22.45179511166661, -43.36890431099994 -22.45324707166665, -43.36573710999993 -22.45369763266662, -43.36415950799993 -22.45042809866659, -43.35873209699997 -22.45074413166656, -43.35610142499996 -22.44868328866649, -43.35370787199997 -22.44978625366655, -43.35183547099995 -22.44852954966651, -43.34901980099994 -22.45256688366662, -43.34534667499997 -22.45077853966657, -43.33594747199993 -22.45450430766668, -43.33045946099997 -22.45335814166663, -43.32600512699997 -22.45812274966676, -43.32034650499997 -22.45900622466677, -43.31320844199996 -22.45451418966665, -43.30874897799998 -22.45613926266672, -43.30622047299994 -22.45507153466667, -43.30537276299998 -22.45670434766673, -43.30220709299994 -22.45286088566662, -43.29866613799993 -22.45110286266658, -43.29797347699996 -22.45538102466669, -43.29473398999994 -22.4577427596667, -43.28947394899996 -22.45795361866676, -43.28849842999994 -22.46229746166682, -43.29341839199997 -22.46564808666689, -43.29741577199996 -22.46429575866686, -43.29686585399998 -22.46553702866693, -43.30018784399994 -22.469127586667, -43.30191971299996 -22.47388973166708, -43.29637256999996 -22.47571444266717, -43.29962871099997 -22.4823496766673, -43.31262883799997 -22.49534083066762, -43.31716225899998 -22.49704686566764, -43.32815757199995 -22.51091545466794, -43.33218418299997 -22.51251768566802, -43.33013224399996 -22.51674474966809, -43.33196589499994 -22.51922055666815, -43.34504452199996 -22.5204597426682, -43.35373971599995 -22.52293652466822, -43.35627334999997 -22.52218211266822, -43.36040421099994 -22.52584251666831, -43.36738304899995 -22.52683112566833, -43.36979482799995 -22.5259008376683, -43.37121218399994 -22.52255761066828, -43.37496639599993 -22.5206351956682, -43.37929383999994 -22.52339718266825, -43.38032576999995 -22.52680102066833, -43.38287562899995 -22.52925185666841, -43.38913045199995 -22.53229891366849, -43.39587600299994 -22.53113986166843, -43.40538443799993 -22.53461025666851, -43.40988370499997 -22.53180172066847, -43.41296084799995 -22.53492308466854, -43.41575887699997 -22.53494836866853, -43.41950321099996 -22.53805260266858, -43.42322533099996 -22.53636674966858, -43.42383596599996 -22.53378083966851, -43.43111352099993 -22.53321380866851, -43.43519975299995 -22.52979772866841, -43.44067966199997 -22.53066692666846, -43.44578924599995 -22.52601248066832, -43.45744273299993 -22.53199569466842, -43.46247126199995 -22.53822013166861, -43.46924352599995 -22.53615939766854, -43.47421189199997 -22.54093281366864, -43.48448500199999 -22.54579163966878, -43.48657508999997 -22.54906587666883, -43.48786809999996 -22.54826468766885, -43.48977975399998 -22.54962016266885, -43.49125139999995 -22.54849528266888, -43.49193513899996 -22.5517622756689, -43.49831812999997 -22.554394557669, -43.49780187299995 -22.55918625666911, -43.50109805699997 -22.56155578266916, -43.50074689999996 -22.56384227166918, -43.50694392299994 -22.56575835966925, -43.51004815699996 -22.57183226366941, -43.51560141099998 -22.56965229266932, -43.51823837199998 -22.57111273466935, -43.52190713499993 -22.56711130166928, -43.52631494199995 -22.5691443016693, -43.53000369899995 -22.56593477066926, -43.53358719599998 -22.56568503666924, -43.53656667899997 -22.56976493166934, -43.54149397399994 -22.56517186066924, -43.54289161599996 -22.56921520866931, -43.55053489499993 -22.57344153066944, -43.55617788599994 -22.56740810066931, -43.55998127899994 -22.56714604166927, -43.56089750099994 -22.57080170066935, -43.55879397399996 -22.5727747516694, -43.56051696199994 -22.57927906466952, -43.56340681799997 -22.58026289966955, -43.56453412999996 -22.57665800466953, -43.57387532799999 -22.57865713166954, -43.57713216599995 -22.57741058366953, -43.58057934899995 -22.57897627866956, -43.58078762299992 -22.58067276466956, -43.58529656499996 -22.58268051466963, -43.58372518099998 -22.58715383666976, -43.58926055299997 -22.59317227766988, -43.60217874899996 -22.59952951067003, -43.60344676399995 -22.60494324767012, -43.61181803299996 -22.60767773167023, -43.62172840199997 -22.61659876667044, -43.62882517699995 -22.62572407867064, -43.62272983199993 -22.642222147671, -43.66057615599994 -22.61964896967052, -43.64705070399997 -22.60916565967023, -43.64261052699992 -22.60802454567024, -43.63998445699996 -22.60313794967014, -43.61785949599994 -22.58856434666975, -43.60131816499995 -22.57322683266941, -43.59744622399995 -22.56807365266929, -43.56182166899997 -22.50005929166772, -43.55481053099992 -22.52647915266836, -43.53970013999998 -22.45107269066655, -43.53766220099993 -22.44940559866653, -43.53480642499994 -22.44936891566657, -43.53214062399995 -22.44677508566649, -43.53148810799996 -22.44240742066635, -43.52375946299998 -22.4428789546664, -43.51715479099993 -22.44736498866647, -43.51444514799993 -22.44327491366641, -43.51030504499993 -22.44103682566635, -43.50845726399996 -22.43666067366625, -43.50487078999998 -22.4347863246662, -43.50330907899995 -22.43165484966615, -43.50785503299993 -22.43008000766607, -43.50832501899998 -22.42661351666602, -43.49163093099997 -22.41983926366586)))"
3303005.0,Miracema,33,RJ,"MULTIPOLYGON (((-42.25185962499994 -21.38652575464128, -42.24073458199995 -21.37752112964106, -42.24224148799993 -21.37269733064094, -42.23702016799997 -21.36969412664087, -42.23233408199996 -21.36903128364089, -42.23002423399998 -21.3664945316408, -42.23094901999997 -21.36291524864075, -42.22976055199997 -21.36021639464068, -42.23232203199996 -21.3569140916406, -42.23238310799996 -21.3542081576405, -42.22936502999994 -21.35150234064046, -42.23633376199996 -21.34745921764032, -42.23665394599993 -21.34447082764028, -42.23434359199996 -21.34188423264019, -42.22423432199997 -21.33781308764013, -42.22390060299994 -21.33554849364007, -42.22121276399997 -21.33327706264003, -42.20457708899994 -21.32642618963986, -42.19713473999997 -21.31529999763957, -42.18995774899998 -21.3139463556395, -42.18615955799998 -21.31541234463959, -42.17931657599996 -21.31350404163949, -42.17589367999994 -21.31569999963958, -42.17356950499993 -21.31371207263951, -42.16632806399996 -21.31516027863957, -42.16249966299995 -21.31852314163965, -42.15832817499994 -21.31696805863957, -42.15748297499994 -21.31245783163951, -42.15075284799995 -21.31001333563945, -42.14752099099996 -21.30596869563931, -42.14293185099996 -21.30619730163935, -42.14298174499993 -21.30910104063944, -42.13854934099993 -21.31282326163949, -42.13320675499995 -21.3083494416394, -42.13106780099997 -21.30801069363942, -42.12929663099993 -21.31082714463949, -42.13153236999994 -21.31755372063965, -42.12601077099998 -21.31975558463969, -42.12667433699993 -21.32422833563976, -42.12234284599997 -21.32462629063981, -42.11872641999997 -21.33324792964002, -42.11499176899996 -21.33649459664008, -42.10876802899998 -21.33916843364012, -42.09894918099996 -21.33810799364009, -42.09299843799992 -21.34478432864027, -42.09644659399997 -21.34843337564037, -42.08823678599997 -21.35223863564045, -42.08119997099993 -21.35277557264045, -42.07915532999994 -21.35509007764053, -42.07291493599996 -21.35587566064057, -42.07054360599994 -21.35225554364047, -42.06553376999995 -21.35495751864052, -42.06171868799998 -21.35399277564049, -42.05805186599997 -21.35479785964055, -42.05369262099998 -21.35300184064047, -42.05018431599995 -21.35403880364053, -42.04718792799996 -21.35242897664045, -42.04514363399994 -21.34754558964032, -42.03464395299994 -21.34337138764021, -42.03365327799997 -21.34791313164032, -42.03767096699993 -21.35651414164056, -42.03969791599997 -21.36605643464081, -42.02873225999997 -21.37627129964103, -42.02831945099995 -21.37797191964107, -42.03216524999993 -21.38388892664121, -42.02997141399994 -21.39072209564138, -42.03749214399993 -21.39600563864152, -42.04060516399994 -21.40005612164165, -42.04469742999998 -21.40913039064185, -42.04579105999994 -21.415766526642, -42.05015085199994 -21.41728647264203, -42.05218571299996 -21.41947014864209, -42.05374641799995 -21.42466451564221, -42.05303085899993 -21.42644849464224, -42.05623169799997 -21.42860253964231, -42.05859326099994 -21.43440136364244, -42.06437328899994 -21.43538103364246, -42.07409489699996 -21.44712046664274, -42.08062924599994 -21.45083105064285, -42.08229086799997 -21.44808002364275, -42.08691444999995 -21.44654947464273, -42.08902567599994 -21.44994627764285, -42.09364287099993 -21.45338849364294, -42.10044091299994 -21.45120872164284, -42.10689343599995 -21.45268334764287, -42.10913733299998 -21.45894217064303, -42.11268438699995 -21.46385571164317, -42.12097254199994 -21.47233786864336, -42.12540940599996 -21.47397482564342, -42.13558093599993 -21.46933736664328, -42.13734950899993 -21.4710986236433, -42.20229904399997 -21.46861811064328, -42.23734697699996 -21.44994092164282, -42.27537594299996 -21.4274722046423, -42.27551171599998 -21.41796223564204, -42.27804001899995 -21.41468668064195, -42.27796482699995 -21.40911918464185, -42.27592992899997 -21.40732507664178, -42.27531170099997 -21.40417938564172, -42.27067498899999 -21.40085186264164, -42.26640292199993 -21.40014123964161, -42.26525094299996 -21.40388701264168, -42.26108029999995 -21.40654415164176, -42.26138809899993 -21.40905664364181, -42.26007728799993 -21.40973197264188, -42.25442909199995 -21.40968567564182, -42.25152397399994 -21.40682685564179, -42.24150074099998 -21.40572730964174, -42.23751922599996 -21.40216246364168, -42.23635023499997 -21.39512536664148, -42.23727616799993 -21.39282210364146, -42.25032025999996 -21.39028735964138, -42.25185962499994 -21.38652575464128)))"
3303104.0,Natividade,33,RJ,"MULTIPOLYGON (((-41.95501196999992 -20.95740116063084, -41.95295516299996 -20.95751908663082, -41.95073804799994 -20.95525766763081, -41.95205058099997 -20.95000248263065, -41.94917016299996 -20.94451539263056, -41.95020843899993 -20.94143794063045, -41.94826560499995 -20.93864176963039, -41.94263027399995 -20.93895727763037, -41.94061079899996 -20.94039263863041, -41.94005314299993 -20.94332147363053, -41.93590613199996 -20.94571688363055, -41.93524631199995 -20.94444432863054, -41.93085334099992 -20.94349022563051, -41.93198172799998 -20.94038817363044, -41.93084979199995 -20.93807601363035, -41.91182199799993 -20.92890566863016, -41.91107100999994 -20.93377417663025, -41.91397865099997 -20.94155398163048, -41.91736017599992 -20.94288960263052, -41.91660517499997 -20.94465144763054, -41.91812758699996 -20.94824270563059, -41.91548025099996 -20.94990248463067, -41.91434772599995 -20.95690836063081, -41.90994688999994 -20.95945370963091, -41.90735480999996 -20.96538668263105, -41.90095418399994 -20.96760133263111, -41.89853560799998 -20.96622842063105, -41.89628915799995 -20.96714787063109, -41.89440783999998 -20.97328915063127, -41.86695936899997 -20.97285022763124, -41.86049700699993 -20.97021509563116, -41.85949443299994 -20.964094366631, -41.85719213299996 -20.96172997163096, -41.85834787899994 -20.95567946163079, -41.85448387699996 -20.95118946363068, -41.85052209099996 -20.95370361463075, -41.84194649599993 -20.95397480463074, -41.83742115299997 -20.95705395263084, -41.83354367299994 -20.95486472863079, -41.83136214399996 -20.95139148463069, -41.82992420099998 -20.95387368763075, -41.82788694699997 -20.95397337663076, -41.82687511899997 -20.95240990163072, -41.82303467999998 -20.95279734163073, -41.81821300999997 -20.95865837363085, -41.81728425199998 -20.96283161863098, -41.81106421399993 -20.96492732163104, -41.81178699799995 -20.96840598663109, -41.81631474499994 -20.96700532063107, -41.81515216499997 -20.97146613463121, -41.81760978099992 -20.97484167063126, -41.81352837299994 -20.97655782363131, -41.80906644999992 -20.98262528263146, -41.80097134499993 -20.98607179963152, -41.80319377199992 -20.99238095563169, -41.80197966599997 -20.99478493563173, -41.80558455399995 -20.99492733863177, -41.80828780599995 -20.99867429663183, -41.80804665099998 -21.004400770632, -41.80945005399996 -21.00646115763203, -41.80700673899996 -21.0088867656321, -41.80731559099996 -21.01050439663211, -41.81033555599998 -21.01324747263221, -41.81296020199994 -21.0135975776322, -41.81512572599996 -21.01989783063236, -41.81893342199993 -21.02352692863248, -41.82196838599997 -21.02976514463263, -41.82990044599995 -21.03541782663275, -41.83162001599992 -21.04015653063285, -41.83570116099996 -21.04405273263297, -41.83604330599996 -21.0489833386331, -41.83815764899999 -21.05090055063312, -41.83770461799998 -21.05567933563329, -41.84172147799995 -21.05668281863327, -41.84205400999997 -21.05828289063328, -41.84470356199996 -21.05925900063332, -41.84916302099997 -21.05950304963334, -41.85054372899997 -21.06194001463341, -41.84602965199996 -21.06721404563354, -41.84648463399997 -21.07072817263364, -41.84221545699995 -21.07014921263358, -41.84264364699993 -21.07345344463366, -41.84172256699998 -21.07460819263374, -41.83945702799996 -21.07431284963372, -41.83859223699994 -21.07581993663374, -41.83914094099998 -21.08162106363389, -41.84233118599997 -21.08352150863392, -41.84407255099995 -21.08864678063409, -41.84728580299998 -21.09111572063412, -41.85348015399995 -21.09185969363413, -41.85661034199995 -21.09515242763422, -41.85971194799998 -21.09503356763422, -41.86285627199993 -21.09976387763431, -41.87161761599999 -21.10177139063437, -41.87347215299996 -21.10371636863441, -41.87288616899996 -21.10643123263452, -41.87735741699998 -21.11620897563473, -41.88196461699994 -21.11620355363473, -41.88511307399994 -21.11776725363476, -41.89064660599995 -21.11568641163471, -41.89429666699994 -21.11703232763474, -41.89765698099995 -21.12010563063482, -41.89665661499997 -21.12598634363498, -41.89966792399996 -21.13551899063523, -41.90461273499994 -21.13744302063529, -41.90749717399996 -21.13402363363517, -41.90932230399994 -21.13510405463519, -41.91522947199996 -21.13218954163512, -41.91685686399995 -21.12995400863508, -41.91920486799994 -21.13070810663505, -41.91335141699994 -21.13663227363525, -41.91550548099998 -21.13780565463528, -41.92097933099996 -21.13696061063525, -41.92118242899993 -21.13938699063527, -41.92603694199994 -21.14676597063544, -41.92475637099994 -21.15143136563558, -41.93020381599995 -21.15411495463566, -41.92978368299998 -21.15624725563573, -41.93749349699993 -21.15288652763564, -41.94361062699993 -21.1519496876356, -41.94983949499994 -21.1469793886355, -41.95637981599998 -21.14480175763545, -41.95660026199993 -21.14161759063535, -41.96270638899995 -21.13833878663528, -41.96457463199993 -21.13432791563518, -41.97664564699993 -21.13371509263513, -41.97714357499996 -21.13262178763512, -41.97486836499996 -21.13028077963508, -41.97815305099994 -21.12106055663486, -41.99100823599996 -21.12299452963492, -41.99672177199994 -21.12563745763498, -42.00304011499997 -21.12531437863493, -42.00703860499992 -21.12235581963487, -42.00991280999995 -21.12240033663486, -42.01609098799996 -21.12638929263498, -42.01541822699993 -21.13317673463515, -42.02312846799998 -21.13646778663525, -42.02714382799996 -21.13384974863514, -42.02836173199994 -21.12978047863503, -42.03305645299996 -21.12476248163494, -42.03308759399992 -21.11963558663481, -42.03605695399994 -21.11304882763464, -42.02925584699994 -21.1027836816344, -42.02398052699992 -21.10119996363434, -42.02392330699996 -21.09370485563416, -42.01903683499995 -21.08307341863394, -42.01620364399997 -21.08183609963387, -42.02089915399993 -21.07880348263382, -42.02278245999997 -21.07308543963367, -42.02785739399997 -21.07298662863369, -42.03508897999994 -21.07563768863375, -42.03975366899993 -21.0750395666337, -42.04010787099996 -21.07205046163365, -42.03798959099998 -21.06928270263358, -42.03814910899995 -21.0670733236335, -42.04293727299995 -21.06223871263342, -42.04276040599996 -21.05657908263326, -42.04729178899998 -21.04776014863307, -42.04594097799997 -21.04555939163297, -42.04805221399993 -21.04319230763296, -42.04635580599994 -21.03989992863287, -42.04735676199993 -21.03821869263281, -42.05359266499993 -21.03886027763287, -42.05618170699995 -21.03558687663278, -42.05826604399993 -21.0366903076328, -42.06374778799994 -21.03619404163275, -42.06728704699997 -21.03325432763269, -42.07707219099996 -21.0334786186327, -42.07890032599993 -21.03065485863261, -42.08402616599994 -21.02932719763259, -42.08499299899995 -21.02445536463247, -42.08480936799998 -21.02298992263247, -42.07520221399994 -21.02359235863249, -42.07054274699993 -21.02877929663261, -42.06238534199996 -21.02187468263245, -42.05870410999994 -21.02132956563243, -42.05163636999999 -21.0236820366325, -42.04634836699994 -21.01943393363237, -42.04288706399996 -21.02014406363242, -42.04085912499994 -21.01857555163237, -42.02614999199994 -21.01565240763228, -42.02193237199998 -21.01680615263231, -42.01874112699993 -21.01340731163225, -42.01338197399997 -21.01572049263228, -42.00946990399996 -21.01134610163218, -42.00597242499998 -21.01235323463217, -42.00626169699996 -21.00932593463212, -42.00330329999996 -21.0101974806321, -42.00380033399994 -21.01333515863224, -41.99979180399998 -21.00776279863205, -42.00138286699996 -21.00412957763199, -42.00008446999993 -21.00228696263198, -42.00111905399995 -20.99976889963187, -42.00011041799996 -20.99583918263177, -42.00292929799997 -20.99107417063166, -42.00027719099995 -20.98062426663142, -42.00037970399995 -20.9753673856313, -42.00171700599998 -20.97384672263127, -41.99851103499999 -20.97032771063114, -41.99882466999998 -20.96591819663105, -41.99246617999994 -20.96433545563102, -41.99112611799995 -20.96001987263092, -41.98341359699998 -20.95716019663084, -41.97969196599995 -20.95827071863085, -41.97946753699994 -20.96020571163092, -41.95501196999992 -20.95740116063084)))"
3303203.0,Nilópolis,33,RJ,"MULTIPOLYGON (((-43.42898753199994 -22.80331872567473, -43.42811855099996 -22.8013800796747, -43.42115481099994 -22.79861951367462, -43.41070801499995 -22.79167488567448, -43.39055593999996 -22.81382036367495, -43.40763016299996 -22.82113876067514, -43.41086132099997 -22.82016272267514, -43.41513141799992 -22.82135992267514, -43.42180194299992 -22.83246446067544, -43.42408785299994 -22.83246446067544, -43.42699043999993 -22.8368806026755, -43.45813140799998 -22.84903711867579, -43.46921802099995 -22.84041096967559, -43.45654109799995 -22.83200009667539, -43.45254246299992 -22.82779743067531, -43.44840299699995 -22.82603087267524, -43.44322188199992 -22.8188938596751, -43.44239360499995 -22.81523322367501, -43.43644930199996 -22.80842154967486, -43.42898753199994 -22.80331872567473)))"
3303302.0,Niterói,33,RJ,"MULTIPOLYGON (((-43.08289922899997 -22.98594799867895, -43.08080155899994 -22.98592577367894, -43.08253207799999 -22.988522610679, -43.08641451299997 -22.98971324867899, -43.08859547999997 -22.988652600679, -43.08841877899993 -22.98754095267898, -43.08289922899997 -22.98594799867895)), ((-43.11533136499997 -22.95195901567813, -43.11501736899991 -22.95235037267817, -43.11675865999996 -22.95194097267812, -43.11563514899995 -22.95174475767817, -43.11533136499997 -22.95195901567813)), ((-43.13319589199995 -22.86802206167624, -43.13278389399994 -22.86962849567628, -43.13460733699996 -22.86965092867626, -43.13439168599996 -22.87079461267627, -43.13189332999996 -22.87109393767629, -43.13150019099992 -22.87367864267637, -43.13522250699998 -22.87553908867643, -43.13736178399995 -22.87608190667643, -43.13839091899996 -22.87563231167639, -43.13663516599996 -22.87385335567635, -43.13818211799997 -22.86908139267625, -43.13319589199995 -22.86802206167624)), ((-43.11578382099997 -22.85373433767587, -43.11595656999998 -22.8545421656759, -43.11702163699993 -22.85446879467594, -43.11648403399993 -22.85383657067588, -43.11578382099997 -22.85373433767587)), ((-43.10211843099995 -22.95689671467829, -43.10502914299996 -22.95762138667831, -43.10568508599994 -22.95709900467825, -43.10243841399993 -22.95511020567824, -43.10211843099995 -22.95689671467829)), ((-43.13084200799995 -22.90898555867715, -43.13114343999995 -22.90899817467719, -43.13120379899992 -22.90889349367715, -43.13104500799994 -22.90883301367715, -43.13084200799995 -22.90898555867715)), ((-43.11681051399994 -22.85883575567603, -43.11895172399994 -22.8636816026761, -43.12661784499994 -22.86190053967611, -43.12295606899993 -22.85872455767603, -43.11681051399994 -22.85883575567603)), ((-43.12662355199995 -22.86381768767612, -43.12896125099996 -22.86624490967617, -43.13138618999994 -22.86589195667614, -43.12817567099994 -22.86154385467605, -43.12637870699995 -22.86258599567612, -43.12662355199995 -22.86381768767612)), ((-43.10171438399993 -22.93132902667768, -43.10205422299997 -22.93115861367769, -43.10161101799998 -22.93096243567768, -43.10144734899995 -22.93114813167766, -43.10171438399993 -22.93132902667768)), ((-43.12595468799997 -22.91054025067718, -43.12576508399997 -22.91003914867719, -43.12519807899997 -22.90997047967722, -43.12526999699997 -22.91009768067721, -43.12595468799997 -22.91054025067718)), ((-43.11977251699994 -22.87482444167636, -43.11810976099996 -22.87588192767642, -43.12004041499994 -22.87725761067645, -43.12385274799993 -22.87654109867644, -43.12505765299993 -22.87459902067637, -43.11977251699994 -22.87482444167636)), ((-43.04797309399999 -22.96757023667853, -43.05442539899996 -22.96249805867837, -43.06754430099993 -22.9594799826783, -43.06985549699993 -22.95996444167833, -43.07002482299998 -22.95824116467831, -43.07248531599998 -22.95682730867826, -43.09285268499996 -22.95416281067821, -43.09847757799997 -22.95560424567825, -43.09824159599998 -22.95359879767816, -43.10093445599994 -22.95258046767817, -43.10364854799996 -22.9544436376782, -43.10577445199993 -22.95446907767819, -43.10616689799997 -22.95315074267815, -43.11042969599998 -22.95364956867818, -43.11087003399995 -22.95166579967815, -43.11431984099993 -22.95148883867812, -43.11113395699992 -22.9500771316781, -43.11338431899997 -22.94504726367797, -43.12037294299994 -22.94544851867803, -43.12045532099995 -22.94342015667796, -43.11560013399998 -22.9412421286779, -43.11744682399995 -22.9367356816778, -43.12031581599995 -22.93835317667785, -43.12899803299996 -22.93915565967784, -43.13523613799997 -22.93818454867787, -43.12996673899994 -22.93716203767779, -43.12595323999994 -22.93429813967775, -43.12712742499997 -22.93209977567772, -43.12272958599992 -22.92968312367764, -43.12377025899995 -22.92857010367764, -43.12304035799996 -22.92706701267758, -43.12455923699996 -22.92634669267761, -43.12331975799997 -22.92504186167753, -43.12462282899997 -22.92410619067752, -43.12387286899996 -22.92288642567748, -43.11967799699994 -22.92263886067747, -43.11980678999998 -22.92596577667753, -43.11670827299996 -22.93105665867764, -43.11431249699995 -22.92825863267759, -43.11187105299996 -22.92943647967763, -43.11420824299994 -22.93200521167768, -43.11177678599994 -22.93537319467779, -43.10948160799995 -22.93391616367771, -43.10841238399995 -22.93556973667775, -43.10762022999995 -22.93419438067774, -43.10529295599997 -22.93567120867781, -43.10214138099996 -22.93450415967777, -43.09862479099996 -22.93157455967769, -43.09570871599993 -22.92526393767753, -43.09584480699993 -22.92162298667742, -43.09464862999993 -22.92084170167747, -43.09578206799995 -22.91554708867736, -43.09982032599998 -22.91378105867726, -43.09958610399997 -22.91467483567732, -43.10171149299998 -22.91504467467729, -43.10350840599994 -22.91426575967727, -43.10383472299997 -22.91522319167729, -43.11101831799993 -22.91533186667732, -43.11040923999996 -22.91108196467721, -43.11588990599995 -22.90479139367709, -43.12456657999996 -22.90537851367708, -43.12549895699993 -22.90808131567715, -43.12973650099997 -22.90844664967712, -43.12959601999994 -22.91057863967719, -43.13096886799995 -22.9113095666772, -43.13156874499998 -22.90957906067716, -43.13049261299994 -22.90926792967716, -43.13042041499995 -22.90851901467718, -43.13443128299997 -22.90616876667709, -43.13581847699992 -22.90336335567703, -43.13757391499996 -22.90330826967708, -43.13621114299995 -22.90256039667702, -43.13567899199995 -22.89772070767691, -43.12457216199993 -22.89457388067682, -43.12543281299997 -22.89155298967674, -43.12896312799995 -22.89174033767675, -43.12895937599995 -22.88731302667667, -43.13077242699995 -22.88691863167666, -43.13121969199994 -22.88440614967662, -43.13406270799993 -22.88492678367663, -43.13498974799994 -22.88334009567657, -43.13177996299998 -22.87745830467644, -43.12824863899993 -22.87643056067642, -43.12179273399993 -22.87770196167646, -43.11938144199996 -22.88036708967649, -43.12088542699996 -22.88202423567657, -43.11887288699996 -22.88133014167656, -43.12009975299998 -22.88305295767658, -43.11444684699995 -22.88130946867651, -43.11451403099993 -22.87924596967648, -43.11790721999995 -22.87671119067646, -43.11517831699995 -22.87722443267642, -43.11641760399993 -22.87529772267642, -43.12520158699992 -22.87232364267634, -43.11577099699996 -22.86468234767612, -43.11383917999996 -22.86454032567614, -43.11457478499993 -22.86698405267622, -43.11219304799994 -22.86894618067626, -43.11317394799993 -22.87785994567644, -43.11171148999995 -22.87750877367642, -43.11056553499998 -22.87270631567633, -43.11214548199996 -22.8661139746762, -43.10958509399995 -22.86584070967615, -43.11023500199996 -22.86243162667608, -43.10768073699995 -22.86355525067609, -43.10767686399998 -22.86033333667605, -43.10344747399994 -22.85588063167593, -43.09609507499993 -22.86060624267607, -43.07174717399994 -22.86648467967617, -43.06741531099993 -22.86955534167627, -43.05593057599998 -22.87109855867633, -43.05151460399998 -22.87325200967633, -43.04841680199995 -22.87164197767632, -43.04149349699997 -22.87255238167631, -43.03461488899995 -22.87725495967645, -43.02856790799995 -22.8756835566764, -43.01836535299998 -22.88508298767664, -43.01237629199994 -22.8876402316767, -43.00865207899994 -22.89160581967676, -43.00276663399996 -22.89110729667677, -42.99419848799994 -22.88781130367671, -42.99071958299992 -22.88819147267669, -42.98711873799994 -22.89261003967682, -42.98569065099996 -22.90735741067715, -42.98384616299995 -22.9092147676772, -42.97978654099995 -22.90871618667715, -42.97750922199998 -22.9061187946771, -42.97281440699993 -22.90681221767715, -42.96148470999998 -22.901185260677, -42.95681373799994 -22.90081112567699, -42.95298349499996 -22.90374255067704, -42.95451579099994 -22.90886533067718, -42.95855703399996 -22.91178420867724, -42.97554176099992 -22.91944125167743, -42.97602253999996 -22.92203775867743, -42.98295936199997 -22.92688756667756, -42.98137697699997 -22.93075897867769, -42.99054412299994 -22.9367712176778, -42.99187344899996 -22.94038124467791, -43.00307939899994 -22.94527222867801, -43.00674868199996 -22.94991669267809, -43.01239982999993 -22.95143852367818, -43.01376365199996 -22.95563177867823, -43.01289963299995 -22.95671822267825, -43.01713055899994 -22.9574934436783, -43.02191827399997 -22.96052748167833, -43.02202646899997 -22.96483918467846, -43.02458019599993 -22.96749151067851, -43.02344943199995 -22.9712346816786, -43.01407163699997 -22.97709588567875, -43.02428071999997 -22.97510691867868, -43.02417498299996 -22.98030072467881, -43.02784322499997 -22.9808911766788, -43.03024657699996 -22.97904658967876, -43.03018339099998 -22.97559954267869, -43.03656706599997 -22.97472668367869, -43.03809982399996 -22.97596553767874, -43.03965640099995 -22.97449256967866, -43.04591364199995 -22.98004097867882, -43.05171456599992 -22.98181826467887, -43.05172775099993 -22.97756411467874, -43.04587027599995 -22.97337205367862, -43.04797309399999 -22.96757023667853)), ((-43.06227456099998 -22.98234190967885, -43.06309358699997 -22.98426981167886, -43.06840735799994 -22.98606590567895, -43.06765852799997 -22.98286852167885, -43.06265554999992 -22.98112883967883, -43.06227456099998 -22.98234190967885)), ((-43.05467407199995 -22.98108990067885, -43.05470468899995 -22.97886509967877, -43.05336820899998 -22.97711359867872, -43.05293332099995 -22.97944843967877, -43.05467407199995 -22.98108990067885)))"
3303401.0,Nova Friburgo,33,RJ,"MULTIPOLYGON (((-42.71677570799994 -22.27657563266249, -42.71669881199995 -22.26986823366234, -42.71413402199993 -22.2681937986623, -42.71399213199992 -22.26614029666225, -42.71001728399993 -22.26650629866228, -42.70588442899997 -22.26326433266219, -42.70129705699998 -22.25650953066202, -42.69580756299996 -22.25365315466195, -42.69014674299996 -22.25351912466199, -42.68566951599995 -22.24912253566187, -42.68506849999994 -22.24541679166178, -42.68142554899998 -22.24509257766178, -42.67897298899992 -22.2422882976617, -42.67758517399994 -22.24259793366169, -42.67438348699994 -22.23163384266143, -42.67011760699995 -22.22533592666129, -42.67149503999997 -22.22441422966124, -42.67096292399997 -22.22308465766125, -42.66848131199998 -22.22027856666114, -42.66150623399994 -22.21849454166109, -42.65835375599994 -22.21567382366109, -42.66036742299996 -22.21262513466099, -42.65939664099994 -22.20988727866092, -42.65620534799996 -22.20870250066089, -42.65351356699995 -22.212807476661, -42.65054350499997 -22.21376831566104, -42.64792528899994 -22.21150631666094, -42.64444435399997 -22.21190255566095, -42.64273093299994 -22.21004655166092, -42.64614740599995 -22.20550655166081, -42.63987205999995 -22.20337759766076, -42.63844981999995 -22.20112318066075, -42.64182799099996 -22.19711555966063, -42.64076806699995 -22.1916143016605, -42.64177057399996 -22.18725389566041, -42.63708888899998 -22.18777598366039, -42.63246506399997 -22.18544534566034, -42.62639149799998 -22.18742117666039, -42.62392895199996 -22.19164044766047, -42.61877311499995 -22.19211041866053, -42.61604591099996 -22.19490881866054, -42.61144893299996 -22.19639923466062, -42.60581282199996 -22.1930540146605, -42.60581766599995 -22.19121897766049, -42.60352388499995 -22.18907502366043, -42.60399075399993 -22.18533606866036, -42.60066232499997 -22.18627890266038, -42.59884240299992 -22.18401550666033, -42.59936946599998 -22.18208715466026, -42.59395243199998 -22.18186855666023, -42.59345767199994 -22.17801161766022, -42.58851329999992 -22.17830773666019, -42.58348147699996 -22.17659157666015, -42.57385470799994 -22.18120755766024, -42.57043843099996 -22.17682980566014, -42.56606375299999 -22.17948802866023, -42.56341003399995 -22.17754038166018, -42.56487395499993 -22.17553148166009, -42.56432510099995 -22.17370911466008, -42.56133096299993 -22.17096222166002, -42.55761495899998 -22.17095339466004, -42.55536947299998 -22.17316144766004, -42.55510221499997 -22.16941502965996, -42.55789299599997 -22.16505237265985, -42.55212495699993 -22.15849351765972, -42.54576148999995 -22.1574938966597, -42.54394032799996 -22.15449523665963, -42.53648953899994 -22.15748015065972, -42.52874895699995 -22.15626998265967, -42.52897765299997 -22.1581716856597, -42.52676926299994 -22.15931341665976, -42.52311481899993 -22.15897499265975, -42.48567420299997 -22.19377683366055, -42.48455130099995 -22.19625720966059, -42.48549007999998 -22.20017496266069, -42.47894259199995 -22.20382560366074, -42.47177972999997 -22.21144176966098, -42.47187299099993 -22.22047628066118, -42.47298104999992 -22.22227369466122, -42.47505256299996 -22.22207947866122, -42.47454153799998 -22.22400710966125, -42.35864238899995 -22.30168695866308, -42.35195951299994 -22.29934777566302, -42.34878275199997 -22.30230147666311, -42.34364928099995 -22.30424242766315, -42.33472276999998 -22.299217425663, -42.31868774399992 -22.29859445766303, -42.30482617599994 -22.29303333966291, -42.29552585799996 -22.29594672766295, -42.29348785499997 -22.29384613466292, -42.28790496999994 -22.29219999766286, -42.28186358899995 -22.29400815666291, -42.27756208399995 -22.29251309766289, -42.27611323299993 -22.29380186566291, -42.27625303699995 -22.29742536966298, -42.27321426899994 -22.29961771466304, -42.27377931999995 -22.30173193466311, -42.26985064899997 -22.30171667766308, -42.26567190999997 -22.3070267326632, -42.26242080199995 -22.30655248666317, -42.26014118099994 -22.30396204766315, -42.25682927199995 -22.30297961266311, -42.25343432299996 -22.30613279066317, -42.25088681299997 -22.30610324866317, -42.25189223499995 -22.30947053866328, -42.25818917399994 -22.3111119016633, -42.25909344199993 -22.31292960366332, -42.26073289499993 -22.31259433766333, -42.26417283399996 -22.31554951166342, -42.26153884699994 -22.32029657266353, -42.25583051099994 -22.32150025266354, -42.25021184399998 -22.32635279566363, -42.24697907699993 -22.32541453566362, -42.24184273299993 -22.32959221366375, -42.23744719299997 -22.33023111566374, -42.23309722699997 -22.3339043746638, -42.23054865799998 -22.3337715836638, -42.22867079799995 -22.33706759666391, -42.22403952099994 -22.3362891776639, -42.22170273099993 -22.33925021366397, -42.21573265299997 -22.34145035666398, -42.21492848199994 -22.34669269966414, -42.21160663999994 -22.35064024366419, -42.21248294499998 -22.35624975766436, -42.20826715199996 -22.36081677366445, -42.20532493599995 -22.36912781966468, -42.21088689799995 -22.36176892166448, -42.21722500599996 -22.36006309866445, -42.21844838099997 -22.35456701366433, -42.22575593099997 -22.35189511266427, -42.22248455899994 -22.35875200866441, -42.22670473899995 -22.35845259366445, -42.22862209099998 -22.36012657466443, -42.24027230299998 -22.36147778766447, -42.24124588899997 -22.36351077166453, -42.24557947099998 -22.36514460866459, -42.24985607999997 -22.36471015966458, -42.25105933499997 -22.36754117266463, -42.25454787599995 -22.36559751066455, -42.25715257899999 -22.36647277666461, -42.25946810899995 -22.37226831766474, -42.26311824299995 -22.37254691466473, -42.26543859399992 -22.37627993666482, -42.26814920199995 -22.37523919566479, -42.27167384399996 -22.37811200266487, -42.27636183299995 -22.37920068966489, -42.27995097599996 -22.38295824466498, -42.28050400099993 -22.38548089966505, -42.29417319199995 -22.39230248666518, -42.28868540199994 -22.40467962966546, -42.28321508099997 -22.40431854366547, -42.27755679399996 -22.40173267766539, -42.27865243799994 -22.40343335366547, -42.28953118999993 -22.40760118966554, -42.29215631099998 -22.41289631566568, -42.29796425299997 -22.41292228866566, -42.29851601899997 -22.41549524366573, -42.31060729699993 -22.42002055866587, -42.31491232099995 -22.42456834366596, -42.31750889699998 -22.42239058566593, -42.32307653899993 -22.4226426456659, -42.32393014799992 -22.42088006166585, -42.32487451399993 -22.42449553366597, -42.32863341899997 -22.42847746266602, -42.33792824699997 -22.42896439966603, -42.34246126299995 -22.42757807566599, -42.34254532799997 -22.42598065466598, -42.34472547499996 -22.42457512066594, -42.35099234499996 -22.42861874466605, -42.35484812999994 -22.42917127666608, -42.35879354599995 -22.42442572866596, -42.36704165999998 -22.41866642366579, -42.36829141599998 -22.41895702166585, -42.37118105599995 -22.42537249666598, -42.38956815799997 -22.42026971266584, -42.39088704699998 -22.42398152366595, -42.39481805499997 -22.4230049096659, -42.39829677399995 -22.42397944466592, -42.40080863799994 -22.425225186666, -42.40352120899995 -22.42911744066607, -42.41279125799996 -22.42660759366603, -42.41704418699992 -22.42694621466601, -42.42737671099996 -22.42854570366604, -42.43469458099997 -22.43327239166616, -42.43968923099992 -22.43264687566613, -42.44873818999996 -22.43471281666617, -42.45097004399997 -22.43388099666619, -42.45559086899993 -22.44253378366635, -42.46417639399993 -22.44438157666641, -42.46479129499993 -22.44673357866648, -42.47123432099993 -22.44924774066656, -42.47446225799995 -22.44929445066655, -42.47729893199993 -22.44666841766648, -42.47884967399994 -22.44702796766646, -42.48174460399996 -22.44124345466635, -42.49030856799993 -22.43888177866626, -42.49281157499995 -22.43565555466619, -42.49996428399993 -22.43473966666616, -42.50803511299994 -22.43674779066625, -42.51190641999994 -22.43484995866621, -42.51514843399998 -22.43594957166624, -42.52355505299993 -22.44691076566645, -42.52997474599994 -22.45051888066655, -42.53655306199994 -22.45769272766671, -42.54192916499994 -22.45750587866672, -42.54672882399994 -22.45545971866665, -42.55057133199994 -22.45575441266671, -42.55233579399992 -22.45187755766656, -42.56132417099997 -22.44710820666647, -42.57120238299996 -22.44895958566654, -42.57255228999997 -22.44729260666651, -42.57219647399994 -22.44120093166635, -42.57568231799996 -22.4404994846663, -42.57429972499993 -22.43825864066628, -42.56504440799995 -22.4336976796662, -42.56262252299996 -22.42768365866606, -42.55985999799997 -22.42754353266602, -42.55793268999997 -22.42427967666596, -42.55623152799996 -22.42397105366594, -42.55696966599993 -22.41627949366574, -42.55497614199993 -22.41399709866573, -42.55692644299994 -22.41180451166566, -42.55889430699995 -22.41175934566566, -42.55540081099996 -22.40500968066553, -42.55802032699994 -22.40345239366546, -42.55825556699995 -22.40158034366545, -42.55710054599995 -22.3962900996653, -42.55107563099995 -22.38653048266507, -42.55432517199995 -22.38146315666492, -42.55227432999993 -22.37820301566485, -42.55770723199998 -22.3777089096649, -42.55480977799993 -22.37349961966478, -42.55672505699994 -22.37143675166475, -42.55627234799994 -22.36905491066463, -42.56078082499993 -22.36409118466454, -42.56278135399998 -22.36386559466454, -42.56139095499998 -22.36131918766447, -42.56475288999996 -22.35923380166443, -42.57304892299994 -22.35949244066443, -42.58460486599995 -22.35528813766432, -42.58795348999995 -22.35693571566437, -42.59385086899993 -22.36435514566453, -42.59494935599997 -22.36775120466462, -42.60933754799998 -22.37390701966475, -42.61176124299993 -22.38201101566494, -42.61616183599995 -22.38544536666503, -42.62477903399997 -22.38836471966514, -42.62692380099998 -22.39123629166515, -42.62920529199993 -22.39085157566515, -42.63448067299998 -22.39331502466522, -42.64119462699994 -22.39243323966522, -42.64202747999997 -22.39476137166526, -42.64683193299993 -22.39591944866532, -42.65249992199995 -22.39596729266531, -42.65343294899996 -22.39262086166521, -42.65606553599997 -22.39260857266523, -42.65445832499994 -22.38749307866511, -42.66207181499993 -22.38541395366506, -42.66844134099996 -22.38950920566516, -42.67465925999994 -22.38893937266515, -42.67943847699996 -22.39242773366524, -42.68415275899996 -22.39341446666523, -42.68678408799997 -22.39215563166522, -42.68787020099995 -22.38983118866515, -42.69355106199999 -22.38909180866511, -42.69735589499993 -22.384079171665, -42.69964345299996 -22.38438765066503, -42.69974449199998 -22.38097772266494, -42.70201116299996 -22.38036613566496, -42.70266421999997 -22.37873715466488, -42.70701324499999 -22.37954841766492, -42.70844582199993 -22.37649475666482, -42.71067664099996 -22.37799016266485, -42.70992587899997 -22.37494455166478, -42.71151801899998 -22.37298418766472, -42.70827128399998 -22.36533917266458, -42.70974630099993 -22.36232474266448, -42.71562416199998 -22.35990666866444, -42.71607663899993 -22.35706068366434, -42.72768122199994 -22.35561259566436, -42.72239561199996 -22.35232395766426, -42.72487962999998 -22.34755245966412, -42.72580310399997 -22.34279052366406, -42.72457325199996 -22.34139087766403, -42.72665386299997 -22.33585345166387, -42.72512501099994 -22.3366096336639, -42.71917363999994 -22.3321362026638, -42.71773988299997 -22.32801060466366, -42.71982703099997 -22.32345798666357, -42.72628441999996 -22.31821704966344, -42.72614268599995 -22.31621663966342, -42.72220933399996 -22.31177749466334, -42.72303254599995 -22.30993466966329, -42.71773239799995 -22.30210953166307, -42.71717922799996 -22.29745677866299, -42.71215412299995 -22.29120169866284, -42.71100889499996 -22.28727873666275, -42.71755901399996 -22.28062859666256, -42.71677570799994 -22.27657563266249)))"
3303500.0,Nova Iguaçu,33,RJ,"MULTIPOLYGON (((-43.38748153199997 -22.57438898666946, -43.39308568899997 -22.57791140666952, -43.39284950999996 -22.57914618266954, -43.39531362199994 -22.57903482966956, -43.39797362299998 -22.58082963966958, -43.40316933199994 -22.58770914666975, -43.40709667899994 -22.58802933066974, -43.40945006299994 -22.59051679866982, -43.41522245499993 -22.59287838466988, -43.41672710599993 -22.59535563566995, -43.41594734799997 -22.59921059367001, -43.41255732199993 -22.6035720536701, -43.41343705999998 -22.60554276067013, -43.41125437499995 -22.61067922567029, -43.40897904699994 -22.61017384867025, -43.40446938099995 -22.6118250496703, -43.40171310099998 -22.60982393467026, -43.39794496399997 -22.61245702267031, -43.38917825299995 -22.61500562567042, -43.38511963699995 -22.62018077167053, -43.38328718599996 -22.61994389667048, -43.38190227699994 -22.62133096067056, -43.38289262999995 -22.62735578367066, -43.38197282799995 -22.63011542967073, -43.40170877799994 -22.65256763167126, -43.40123486899994 -22.65681883967138, -43.39854260299995 -22.66118481367147, -43.39527203599992 -22.66397813067153, -43.39004535499998 -22.66506578767153, -43.38560004799994 -22.66869011967163, -43.37098706399996 -22.67334856967171, -43.36439691499992 -22.68109862267194, -43.37030298499997 -22.69425631767221, -43.37637004299995 -22.69311939667218, -43.37823391099992 -22.69075283567214, -43.38109966899998 -22.69075611967214, -43.38039116999993 -22.68923337467211, -43.38136403399994 -22.68892671067213, -43.38430903299995 -22.69212925467217, -43.38691981099998 -22.68996175367214, -43.39101249899994 -22.69184059167219, -43.39422418799995 -22.69139317067216, -43.39578122499994 -22.69345558267221, -43.40238108499994 -22.69548826067223, -43.40797714399997 -22.69438637867222, -43.41024649299993 -22.69977593067231, -43.41705949199996 -22.70007622967236, -43.42267073999994 -22.70385746567242, -43.43156031099993 -22.70260615167241, -43.42722685699993 -22.71590059867273, -43.42982788999996 -22.72069361367286, -43.43408414799995 -22.7245424726729, -43.42251480799996 -22.74972989067351, -43.41515042899993 -22.75366930767359, -43.41391403199998 -22.75562764667361, -43.41599422899998 -22.76499095167387, -43.41074465299995 -22.76806915667396, -43.41897367199994 -22.76842205167395, -43.42293766299996 -22.76434092067382, -43.42766183399993 -22.76739675767391, -43.43226128599998 -22.76597625067386, -43.44231205699998 -22.77364691667405, -43.44742851999996 -22.77488931867411, -43.44800314399998 -22.77665376767413, -43.45154198399996 -22.77817823567412, -43.45635402299996 -22.77910099867416, -43.45915779599994 -22.78173365967421, -43.46194253099998 -22.78183485867427, -43.46260720699996 -22.7836829486743, -43.46865059299994 -22.78247487267427, -43.47172351399995 -22.78806959467443, -43.50239452199997 -22.79334893067453, -43.50194821699994 -22.79561123367455, -43.49404202699997 -22.80154803667466, -43.49197240499994 -22.80158186567469, -43.49420796399993 -22.81072201167489, -43.49631956899997 -22.81383884567498, -43.49006231699997 -22.81551492867503, -43.52180468299997 -22.82254786867519, -43.55938690599993 -22.82888473767532, -43.58846596499995 -22.83869311567554, -43.59294391399993 -22.86049929167604, -43.59656213999995 -22.85775697867597, -43.62348064499997 -22.8628140876761, -43.64413092599995 -22.85573343267595, -43.64955320599995 -22.85713268867599, -43.65835262099995 -22.86326849467611, -43.66284757099993 -22.86460240967613, -43.66999690899996 -22.86525500767619, -43.67348049199995 -22.86404618167612, -43.67025818799993 -22.8523859296759, -43.65678149699995 -22.84927397767578, -43.64800252099997 -22.84483056467568, -43.63256965699998 -22.83434656167545, -43.62984838399995 -22.82991276367538, -43.62266252799998 -22.82603239767525, -43.62235419599993 -22.82067279767511, -43.62917698399997 -22.81070296667491, -43.62695170599994 -22.80701976067482, -43.63117439999996 -22.80121219167467, -43.63479799799995 -22.78331116867429, -43.62378337799998 -22.78247112267425, -43.62724767799994 -22.77249835767403, -43.61596631499997 -22.7618397946738, -43.61407118499994 -22.7493195856735, -43.60864488899994 -22.74708105867342, -43.60129270499993 -22.7482314466735, -43.59847780999996 -22.75248922367355, -43.59225089999995 -22.75452874967363, -43.58036339799997 -22.75402010167363, -43.57573207099994 -22.75497574767361, -43.56978362199993 -22.75273536567359, -43.56601157799997 -22.75610352067365, -43.55962014699997 -22.75790508167368, -43.55565808199998 -22.75497869467359, -43.54884496199998 -22.75505285167362, -43.54036238599997 -22.75078957167349, -43.53781759399993 -22.75256948867356, -43.53562860799995 -22.75188116367355, -43.53228043799993 -22.73868649767324, -43.54220474399995 -22.73613059267316, -43.54115271899996 -22.73007411767306, -43.53830747199999 -22.72744078167295, -43.54121031999994 -22.72228738267285, -43.53791214399995 -22.71762197867277, -43.54252830099995 -22.71488181267268, -43.53559318199995 -22.70899073567254, -43.53604604899994 -22.70394611467246, -43.52480234699993 -22.69840517967231, -43.52109071099994 -22.69427894967224, -43.51423246699993 -22.69414634067223, -43.51361348799997 -22.69177273167216, -43.51218600299995 -22.69168583167217, -43.52248708499996 -22.69172397467217, -43.53382396499995 -22.68893972667208, -43.54235881299996 -22.6804505266719, -43.54478477999992 -22.67994687367188, -43.54826903399993 -22.68152939367191, -43.55102694499993 -22.67945745367186, -43.55634385099994 -22.67896041867188, -43.55676743599997 -22.67726568967184, -43.55421315099994 -22.67630255467181, -43.55446136699992 -22.67457583567176, -43.54991191799996 -22.67022964867168, -43.54822292799997 -22.67079260867166, -43.54565256799997 -22.66872890667162, -43.54362593799993 -22.66905020167164, -43.54059205899994 -22.66101331867145, -43.53398692899997 -22.65483543367132, -43.53956367599994 -22.65352469867128, -43.54700046399995 -22.65577715667131, -43.54884277899998 -22.65261154467128, -43.55353094099996 -22.6507619186712, -43.55228224799997 -22.64698565767113, -43.55815684299994 -22.63700066867087, -43.56462817799996 -22.63634679667088, -43.56789013599996 -22.63422543467085, -43.57265283799995 -22.63346489067082, -43.57352537099996 -22.63119461067077, -43.57237405699993 -22.6260189576706, -43.56794970799994 -22.62346605867059, -43.56907571999994 -22.60941432967024, -43.57863391599994 -22.61604400667044, -43.58731307699998 -22.61944645667048, -43.59344390599995 -22.62003145867051, -43.61060378099994 -22.63439329967083, -43.61845213999993 -22.63691748267089, -43.62272983199993 -22.642222147671, -43.62882517699995 -22.62572407867064, -43.61687565499994 -22.61138689367032, -43.61181803299996 -22.60767773167023, -43.60344676399995 -22.60494324767012, -43.60217874899996 -22.59952951067003, -43.58992282899992 -22.59376507066989, -43.58372518099998 -22.58715383666976, -43.58529656499996 -22.58268051466963, -43.58078762299992 -22.58067276466956, -43.58057934899995 -22.57897627866956, -43.57713216599995 -22.57741058366953, -43.57387532799999 -22.57865713166954, -43.56453412999996 -22.57665800466953, -43.56340681799997 -22.58026289966955, -43.56051696199994 -22.57927906466952, -43.55879397399996 -22.5727747516694, -43.56089750099994 -22.57080170066935, -43.55998127899994 -22.56714604166927, -43.55617788599994 -22.56740810066931, -43.55053489499993 -22.57344153066944, -43.54289161599996 -22.56921520866931, -43.54149397399994 -22.56517186066924, -43.53656667899997 -22.56976493166934, -43.53358719599998 -22.56568503666924, -43.53000369899995 -22.56593477066926, -43.52631494199995 -22.5691443016693, -43.52190713499993 -22.56711130166928, -43.51823837199998 -22.57111273466935, -43.51560141099998 -22.56965229266932, -43.51004815699996 -22.57183226366941, -43.50694392299994 -22.56575835966925, -43.50074689999996 -22.56384227166918, -43.50109805699997 -22.56155578266916, -43.49780187299995 -22.55918625666911, -43.49831812999997 -22.554394557669, -43.49193513899996 -22.5517622756689, -43.49125139999995 -22.54849528266888, -43.48977975399998 -22.54962016266885, -43.48786809999996 -22.54826468766885, -43.48657508999997 -22.54906587666883, -43.48448500199999 -22.54579163966878, -43.47421189199997 -22.54093281366864, -43.46924352599995 -22.53615939766854, -43.46247126199995 -22.53822013166861, -43.45744273299993 -22.53199569466842, -43.44578924599995 -22.52601248066832, -43.44067966199997 -22.53066692666846, -43.43519975299995 -22.52979772866841, -43.43111352099993 -22.53321380866851, -43.42383596599996 -22.53378083966851, -43.42322533099996 -22.53636674966858, -43.41950321099996 -22.53805260266858, -43.41575887699997 -22.53494836866853, -43.41296084799995 -22.53492308466854, -43.40988370499997 -22.53180172066847, -43.40563816599997 -22.53460295266851, -43.40143260199994 -22.53279207866845, -43.40130737499994 -22.54197123466868, -43.40662162499996 -22.54238593866869, -43.40972588699998 -22.54393688366873, -43.40996920199996 -22.54532614466875, -43.39862388999995 -22.5512969166689, -43.39019747499997 -22.5587887066691, -43.38821644799999 -22.56405820866921, -43.38838882199997 -22.5685140756693, -43.38657652599993 -22.57066129266935, -43.38748153199997 -22.57438898666946)))"
3303609.0,Paracambi,33,RJ,"MULTIPOLYGON (((-43.77108409599997 -22.59632377666995, -43.76965950199997 -22.59409385966988, -43.76704767899997 -22.5949408516699, -43.76488875999996 -22.59226521766989, -43.76250493299995 -22.59182576666983, -43.75156715499997 -22.58204367966966, -43.74964189299993 -22.58209926166961, -43.74593992299997 -22.57872568866956, -43.74382045899994 -22.57839943566951, -43.74416135499995 -22.57670215666949, -43.74003289999995 -22.57583101366948, -43.73884630499997 -22.57225455666941, -43.73608060599996 -22.57179586366942, -43.73531885999995 -22.56883254566931, -43.73328638499998 -22.5684783246693, -43.72868624799998 -22.56357367466917, -43.72345995599993 -22.56437634066922, -43.72259092099994 -22.56202829366918, -43.72461607799993 -22.55718254666906, -43.71516971699997 -22.55246864966893, -43.71207876999994 -22.54939219066885, -43.70925481499994 -22.55628658166902, -43.71231748299993 -22.56267286066917, -43.70884143499995 -22.56317236666919, -43.70772704199993 -22.56483315366922, -43.69524903699993 -22.5584721906691, -43.69549668699994 -22.55683772866904, -43.69110502699994 -22.55414171866901, -43.69087165999996 -22.55153727166893, -43.68729926099996 -22.5515499056689, -43.68591426299997 -22.55422248866896, -43.68175464199993 -22.55536678666903, -43.68272619299996 -22.5591781586691, -43.68837977499992 -22.56240010766919, -43.68835973199997 -22.56467326466923, -43.69123411899994 -22.56670557066927, -43.69002848599996 -22.57025022466935, -43.68751420499995 -22.56997165566935, -43.68921599499998 -22.57401337066942, -43.69169164299994 -22.57578905066948, -43.66883247799995 -22.58473524666971, -43.66733317399996 -22.58675091666973, -43.66575726199993 -22.5848185716697, -43.66251605399997 -22.58418420466965, -43.66182160399995 -22.58207736066963, -43.65997314899993 -22.58219580466964, -43.65907476799998 -22.58040667766954, -43.66176713099996 -22.57725286366951, -43.66146902899992 -22.57403372866943, -43.66336665099992 -22.57194195766941, -43.66878965099993 -22.56909454166935, -43.67091552299996 -22.57039865966938, -43.67538822699998 -22.5695212386693, -43.67477988699994 -22.56728316566926, -43.67217231999995 -22.56590617066924, -43.67229535699994 -22.56396935566925, -43.66768869799994 -22.56223038466917, -43.66729981999998 -22.55913677166908, -43.66433661699994 -22.55760403066903, -43.66507921199997 -22.55578476466902, -43.66396257199994 -22.554836188669, -43.66597475999998 -22.55393131666894, -43.66549830499996 -22.55188925666895, -43.66860603999992 -22.54829134366885, -43.66474830299994 -22.54853344666886, -43.66200931499997 -22.54679109466882, -43.66049604399995 -22.54826769166887, -43.65850935499997 -22.54802800166885, -43.65514737299997 -22.54609585066882, -43.65397797699995 -22.54751832666879, -43.65118143299998 -22.54471621266877, -43.64244212099993 -22.54330372066875, -43.64148471699998 -22.54053836466864, -43.63931826399994 -22.53983037766863, -43.63781791799993 -22.53948301266863, -43.63717969899993 -22.54198628766866, -43.63246713499996 -22.5388410376686, -43.62976829799992 -22.54061295666867, -43.62364001899994 -22.53933658566863, -43.59744622399995 -22.56807365266929, -43.60131816499995 -22.57322683266941, -43.61785949599994 -22.58856434666975, -43.63998445699996 -22.60313794967014, -43.64261052699992 -22.60802454567024, -43.64705070399997 -22.60916565967023, -43.65874356699992 -22.61902986067047, -43.66129632599996 -22.61923809867051, -43.66427975799996 -22.62165378467052, -43.66551381699997 -22.6243867276706, -43.66466347099997 -22.62593368467066, -43.66853145099998 -22.63261617267077, -43.66785958399998 -22.63668837867092, -43.67078251099997 -22.65291200367129, -43.67800391399992 -22.64745880467111, -43.68396747199995 -22.6498745856712, -43.68970240699996 -22.6503252276712, -43.69855339199994 -22.64857987667113, -43.69898022199994 -22.64701493267112, -43.70414538299996 -22.64444004867109, -43.70889398199994 -22.63993490967099, -43.71310809199996 -22.64122451767099, -43.71116019499993 -22.64783794167119, -43.73779611399993 -22.67410941467173, -43.74301338999992 -22.68220822867198, -43.74800486299994 -22.68539537667205, -43.75122554299998 -22.69096388067215, -43.75296507399997 -22.70010442267237, -43.75802161799993 -22.70098966767235, -43.76449239699998 -22.69912368367237, -43.77201824199994 -22.69299550567218, -43.77952457399994 -22.69443078867224, -43.78994797499996 -22.69102791067214, -43.79212588799992 -22.69177508167217, -43.79511651999996 -22.68956624667214, -43.80307907299993 -22.69127233467216, -43.80678034399993 -22.6896690516721, -43.80911532499993 -22.69007712867211, -43.80963286999997 -22.68815153167209, -43.81283175499993 -22.68673894367207, -43.81534793899993 -22.68716486467207, -43.81431958199993 -22.68186936967195, -43.81992209999998 -22.67939638667188, -43.81668862699995 -22.67365492667177, -43.81761280399996 -22.66605578667158, -43.82363604799997 -22.66266813167151, -43.82452020999994 -22.65767779567136, -43.82678153199998 -22.65771098867137, -43.82696329599996 -22.65586365067134, -43.83396400099997 -22.65620782467137, -43.84085163699995 -22.64835960367117, -43.82901519699993 -22.642216491671, -43.82540445799998 -22.64188895567102, -43.82034173099998 -22.63705978967092, -43.81783741299995 -22.63726423767091, -43.81544790599997 -22.63395757867084, -43.81157206999995 -22.63398238067084, -43.80568394499994 -22.62906524967072, -43.80264644999994 -22.62929729467073, -43.79412493199993 -22.62077072367054, -43.79479907899997 -22.61681914267042, -43.79234830399997 -22.61473446267038, -43.79058556499995 -22.6148899066704, -43.78913908799996 -22.6124520246703, -43.77679267399998 -22.61115463467029, -43.77733595799997 -22.60826134667024, -43.77242230899998 -22.60749704967023, -43.77216852399994 -22.60594256367015, -43.77064905399993 -22.60591925167016, -43.77023262299997 -22.6022053516701, -43.77260743899995 -22.59968153967003, -43.77108409599997 -22.59632377666995)))"
3303708.0,Paraíba Do Sul,33,RJ,"MULTIPOLYGON (((-43.40286542699994 -22.20581828066084, -43.43699375399995 -22.0599686736574, -43.42816992699994 -22.05475314465726, -43.42277388199994 -22.05522263465729, -43.41844345599998 -22.05380181065728, -43.41522499499996 -22.04896602165715, -43.41098721599996 -22.04896482965711, -43.40998646099996 -22.04656795965708, -43.40468616799995 -22.04239197165699, -43.39894109499993 -22.04079817665693, -43.39328960299997 -22.0351260086568, -43.38284253499994 -22.03016052565667, -43.36857530299994 -22.02050742765644, -43.36501427499996 -22.01046666165622, -43.36026995699995 -22.01067669665623, -43.35511792299997 -22.00839102265617, -43.35138671499993 -22.00857634665615, -43.34986704999994 -22.00333782865603, -43.34806322099995 -22.00214557165604, -43.34669882899993 -22.0037623566561, -43.34605116899997 -22.05603677065729, -43.34387623899994 -22.0514992446572, -43.33969399399996 -22.04999317265717, -43.33556002199997 -22.0520808416572, -43.33257577499995 -22.05733295865734, -43.32767916699999 -22.06020976765738, -43.32151996299996 -22.05974218165737, -43.32003739099996 -22.06315342965746, -43.31720790099996 -22.06496845065755, -43.31254601599993 -22.06522975865748, -43.31097692899993 -22.06709270365757, -43.30579721599997 -22.0638869796575, -43.30354038999996 -22.06551899965751, -43.29947919599993 -22.06282204665747, -43.29603295299995 -22.06562023365752, -43.29613313999993 -22.06724873165756, -43.29350101299996 -22.06854189465759, -43.28615719099997 -22.0689085936576, -43.28333845699995 -22.06680496865753, -43.28053197799994 -22.07040333965762, -43.28181850399994 -22.07322175065772, -43.27329158299995 -22.07622954565777, -43.27003788599995 -22.07507681565772, -43.26777263199995 -22.07242355465768, -43.26527131899996 -22.06313919265745, -43.26158272599996 -22.0598420376574, -43.25385472699997 -22.0562024916573, -43.25882074599997 -22.10332796865845, -43.24282342199996 -22.13156151665911, -43.20074738199997 -22.17734235366017, -43.19839220399995 -22.20074702266073, -43.15906378899995 -22.19326681766052, -43.16189211899995 -22.21086279966097, -43.16389805399996 -22.21468123466105, -43.16736179299993 -22.21467621266106, -43.16673603299995 -22.21826066266116, -43.16477977299995 -22.21928739566116, -43.16594016299997 -22.2218997916612, -43.16323663699995 -22.22276248966121, -43.16529010199996 -22.22817561766138, -43.16980407899995 -22.23254378666144, -43.17011392199998 -22.23914768066162, -43.17319514299992 -22.24307228166171, -43.17161452999994 -22.24490102766176, -43.17416009799995 -22.25094598966189, -43.17342450399997 -22.25651939766205, -43.17464758399996 -22.25664848866202, -43.17729087699995 -22.26457324966223, -43.17514143599993 -22.26581835266223, -43.17688130399993 -22.27788274866254, -43.18272122499995 -22.29612623166295, -43.17733133299998 -22.29737369766299, -43.17719913299993 -22.29919695166302, -43.18019997699996 -22.29957211366304, -43.18309684299992 -22.30199801966308, -43.18874077599997 -22.30148140966307, -43.19220057699994 -22.3031730996631, -43.19982881399994 -22.30378794366317, -43.20562641299994 -22.3014536196631, -43.20736326099995 -22.29862603166303, -43.21028811299993 -22.30043235366307, -43.21172622399995 -22.29986266766305, -43.21630318399996 -22.30555779166316, -43.22482015799993 -22.30513478066316, -43.22637499499995 -22.30991608466328, -43.23118045899997 -22.30885930966326, -43.23541913499998 -22.31166038766332, -43.23915605499997 -22.30647474266321, -43.23804755799995 -22.30477937566316, -43.24197977099993 -22.30313738166311, -43.24735871999996 -22.30707464666318, -43.24780839199997 -22.31124178666335, -43.24968727099997 -22.31363915866335, -43.25101468199993 -22.31285467866335, -43.25500065399996 -22.31443973966338, -43.26330986499994 -22.32095890366355, -43.26450135099998 -22.3245576316636, -43.26020961299996 -22.32892767166374, -43.26221812899995 -22.33298759866381, -43.26132156799997 -22.3336582776638, -43.26575441099993 -22.33473221066386, -43.26811372299994 -22.33352651466385, -43.26853150099999 -22.34119883266404, -43.27241356699994 -22.34295109466403, -43.27373246499996 -22.34676588166413, -43.27696195099997 -22.34969018866422, -43.27832808699997 -22.35616161566435, -43.28270745299994 -22.36157834866451, -43.28449367799993 -22.3665477606646, -43.28866862599994 -22.37073530666472, -43.32539565999996 -22.27872007966257, -43.39884207099993 -22.22114434766118, -43.40286542699994 -22.20581828066084)))"
3303807.0,Paraty,33,RJ,"MULTIPOLYGON (((-44.55429378099994 -23.22002478368422, -44.55370971699994 -23.22033904868428, -44.55696680899995 -23.22374809368438, -44.55758182799995 -23.22187642868434, -44.55429378099994 -23.22002478368422)), ((-44.57402029499996 -23.18282732968343, -44.57238275099996 -23.18477874768345, -44.57264888599996 -23.18797281168354, -44.57739838699995 -23.18943292468357, -44.57667906399995 -23.18426517368348, -44.57402029499996 -23.18282732968343)), ((-44.66780985299994 -23.12322091568205, -44.66800779399995 -23.12259842368205, -44.66631635599998 -23.12100033468203, -44.66650569799997 -23.12160818468204, -44.66780985299994 -23.12322091568205)), ((-44.55667623799996 -23.07699468668102, -44.55720665799998 -23.07660134168099, -44.55646785399994 -23.07620130468098, -44.55632590899995 -23.07646236568098, -44.55667623799996 -23.07699468668102)), ((-44.67584481399995 -23.13324315268232, -44.67643501299995 -23.13241611468228, -44.67468924899998 -23.13173780968227, -44.67466487599995 -23.13253080468225, -44.67584481399995 -23.13324315268232)), ((-44.66711703399994 -23.13206377768223, -44.66729969499995 -23.13203218668226, -44.66710140899994 -23.13185577368223, -44.66706764099996 -23.13193251768226, -44.66711703399994 -23.13206377768223)), ((-44.68418189999993 -23.12847089068219, -44.68529122199993 -23.13056146068225, -44.68736370599998 -23.13055402268222, -44.68620843799994 -23.12893221668218, -44.68418189999993 -23.12847089068219)), ((-44.67837787199993 -23.12680671168216, -44.67956261099994 -23.12617119768214, -44.67784704299998 -23.12466496368208, -44.67744274399996 -23.12542261968213, -44.67837787199993 -23.12680671168216)), ((-44.58320580499998 -23.21022108568402, -44.58385578599995 -23.21162461668406, -44.58532397399994 -23.2109566006841, -44.58457527399997 -23.21024685868405, -44.58320580499998 -23.21022108568402)), ((-44.57307657699993 -23.19535888568372, -44.57217833399994 -23.19637657468373, -44.57449202899993 -23.19603226268372, -44.57435190899997 -23.19565599468369, -44.57307657699993 -23.19535888568372)), ((-44.67681786799994 -23.11094407068179, -44.67376587299998 -23.1111413836818, -44.67305218999995 -23.11208694568178, -44.67790180999997 -23.11442200568185, -44.67681786799994 -23.11094407068179)), ((-44.67879980899994 -23.10927549668175, -44.67916375899993 -23.10974908568177, -44.68089699499995 -23.10916792268177, -44.67951366599993 -23.10810249068174, -44.67879980899994 -23.10927549668175)), ((-44.65791164099993 -23.09315642568138, -44.65821524199998 -23.09330012368138, -44.65842372499997 -23.09291215268137, -44.65803588799997 -23.09272073668135, -44.65791164099993 -23.09315642568138)), ((-44.71924034799997 -23.35948522568743, -44.72090349499995 -23.35856251168739, -44.71854551199993 -23.35696898268736, -44.71821774599992 -23.3577648946874, -44.71924034799997 -23.35948522568743)), ((-44.67163872099996 -23.35656116968738, -44.67286124499997 -23.35555123568733, -44.67121764599994 -23.3545936636873, -44.67050608099998 -23.35500662068733, -44.67163872099996 -23.35656116968738)), ((-44.66588359699995 -23.35153001968722, -44.66578006499997 -23.35068763268723, -44.66533136799995 -23.35055729568719, -44.66554852699994 -23.35130931668726, -44.66588359699995 -23.35153001968722)), ((-44.66479073699996 -23.35011075268724, -44.66503712299993 -23.35021041768723, -44.66510641799993 -23.35005953268719, -44.66482336499995 -23.34995043768721, -44.66479073699996 -23.35011075268724)), ((-44.68665995699995 -23.1076979446817, -44.68872149299994 -23.10966124168177, -44.68901250499993 -23.10979992368178, -44.68562113099994 -23.10631401168165, -44.68665995699995 -23.1076979446817)), ((-44.59383692999995 -23.0856868136812, -44.59315419599994 -23.08688008268122, -44.59580046399997 -23.08874396468127, -44.59489733699996 -23.08545932768121, -44.59383692999995 -23.0856868136812)), ((-44.56821572399997 -23.34791886368715, -44.56653614299994 -23.34789931668714, -44.57045044699998 -23.35270532568724, -44.56956023899993 -23.34825298768718, -44.56821572399997 -23.34791886368715)), ((-44.57041057099997 -23.26681450568533, -44.57204611899993 -23.26674182368533, -44.56817358599994 -23.26428641068527, -44.56981311099997 -23.26598027868532, -44.57041057099997 -23.26681450568533)), ((-44.62969420199993 -23.27331223268549, -44.63040656599998 -23.27442716268548, -44.63190702799994 -23.27313522268546, -44.63096961999997 -23.27246391268546, -44.62969420199993 -23.27331223268549)), ((-44.68016392199996 -23.34273353868704, -44.68074489299993 -23.34219688568703, -44.67944228499994 -23.34195069368701, -44.67946905099995 -23.34249633968707, -44.68016392199996 -23.34273353868704)), ((-44.63611497799996 -23.28021101168564, -44.63650918099995 -23.28021302968566, -44.63665543099994 -23.27966802568564, -44.63596454199995 -23.27972307968561, -44.63611497799996 -23.28021101168564)), ((-44.68093767799996 -23.34183600768704, -44.68143759899993 -23.34158303668705, -44.68089826399995 -23.341230221687, -44.68068744199996 -23.341497275687, -44.68093767799996 -23.34183600768704)), ((-44.58074137299997 -23.19843764268375, -44.57897267199996 -23.19966184068382, -44.57950966399994 -23.20306917768391, -44.58175051499995 -23.20178817368385, -44.58397743499995 -23.20233665068387, -44.58305571099998 -23.20062068068381, -44.58440472799997 -23.19990293368383, -44.58074137299997 -23.19843764268375)), ((-44.60776669699993 -23.19453458468366, -44.60648679699993 -23.19509691368368, -44.60735955799998 -23.1961520586837, -44.60863507199996 -23.19579001868372, -44.60776669699993 -23.19453458468366)), ((-44.59019585399994 -23.07062523068088, -44.59032668799994 -23.07065248868087, -44.58975158499992 -23.07002738868087, -44.58980888399997 -23.07031915368086, -44.59019585399994 -23.07062523068088)), ((-44.68343047599996 -23.1511625976827, -44.68321592499995 -23.15509408368277, -44.68113056299995 -23.15744554668284, -44.68458483899997 -23.15773915868287, -44.68483993999995 -23.16021389968286, -44.68788361499997 -23.162759297683, -44.68857331599997 -23.16787316768309, -44.69218702899997 -23.1696054616831, -44.69095655399996 -23.16642973368307, -44.69544905099996 -23.16085364668293, -44.69491804299997 -23.15616754368284, -44.69026841899995 -23.1556291696828, -44.68664724399997 -23.1515577506827, -44.68343047599996 -23.1511625976827)), ((-44.66317315899993 -23.15896626468287, -44.66149625499997 -23.16009803768289, -44.66446053599996 -23.16344374568296, -44.66618537099998 -23.16061245268292, -44.66317315899993 -23.15896626468287)), ((-44.67692776599994 -23.16980164868316, -44.67415412299993 -23.17009254568311, -44.67875470699994 -23.17230025268317, -44.67847147599996 -23.16961970768314, -44.67692776599994 -23.16980164868316)), ((-44.68316171999992 -23.17727108368327, -44.68170623199995 -23.17848540768335, -44.68421874799998 -23.17883914168333, -44.68411892599993 -23.1773101736833, -44.68316171999992 -23.17727108368327)), ((-44.63418811699994 -23.17487755168325, -44.63453224299996 -23.17543866268327, -44.63520331799998 -23.17451246968326, -44.63440120199993 -23.17401720368322, -44.63418811699994 -23.17487755168325)), ((-44.68529432099996 -23.1818163256834, -44.68505262499996 -23.18231276768339, -44.68658258999994 -23.1819898476834, -44.68565214899996 -23.18103866868336, -44.68529432099996 -23.1818163256834)), ((-44.67985797999994 -23.17411787868321, -44.68024049699994 -23.1732705796832, -44.67955706099997 -23.17285594268319, -44.67943298599992 -23.17392423668321, -44.67985797999994 -23.17411787868321)), ((-44.63459904099994 -23.17632477468328, -44.63459903999996 -23.17668021368327, -44.63504091799995 -23.17666570668327, -44.63481208999996 -23.17608539768327, -44.63459904099994 -23.17632477468328)), ((-44.67989657199996 -23.17547174668328, -44.67963409599997 -23.17493783168324, -44.67933382399997 -23.17489829868326, -44.67931465199996 -23.17516731668323, -44.67989657199996 -23.17547174668328)), ((-44.67856643299996 -23.1809792376834, -44.67885125299995 -23.1809895046834, -44.67884460299996 -23.18088756868337, -44.67853812099996 -23.18070972168338, -44.67856643299996 -23.1809792376834)), ((-44.55538008899997 -23.05545148668055, -44.55384210799996 -23.05514992868049, -44.55189157099993 -23.05689099768059, -44.55366650599995 -23.05818124768057, -44.55600239499994 -23.05745696068057, -44.55682002399993 -23.06282394168071, -44.55892077499993 -23.0627251816807, -44.56389778699997 -23.06682924168076, -44.56450679199997 -23.06447703368072, -44.55662798399993 -23.05534638168051, -44.55538008899997 -23.05545148668055)), ((-44.63666640599996 -23.06986109868084, -44.64087788499995 -23.07418233968093, -44.64237962499994 -23.07364564068091, -44.64446221999997 -23.07504635368095, -44.64460246899994 -23.07210269668088, -44.64585867699997 -23.0721629826809, -44.64202411699995 -23.06810221568082, -44.63970868299998 -23.06987263668086, -44.63519451699995 -23.06765155168083, -44.63666640599996 -23.06986109868084)), ((-44.60144061099993 -23.05721618268055, -44.60558609599997 -23.06014766168065, -44.60871402699996 -23.06415415268071, -44.60776989899994 -23.05987288568062, -44.60045565799993 -23.05595146668054, -44.60144061099993 -23.05721618268055)), ((-44.62022436299997 -23.05789946668061, -44.61878482099996 -23.05806041268059, -44.62273267599994 -23.05890867868061, -44.62327784699994 -23.06016879168064, -44.62409955799995 -23.05892516168058, -44.62295069799995 -23.05680518968054, -44.62022436299997 -23.05789946668061)), ((-44.63185715399992 -23.06774230568081, -44.62946331999995 -23.07082731368085, -44.63148785399994 -23.0719914836809, -44.63304225699995 -23.06937840968085, -44.63185715399992 -23.06774230568081)), ((-44.62685741199994 -23.06073601868064, -44.62727844499994 -23.06260691368069, -44.62903053199994 -23.06276528568068, -44.62854414599997 -23.06047175068065, -44.62685741199994 -23.06073601868064)), ((-44.55950255099998 -23.05165926868045, -44.56021592399998 -23.05310724868045, -44.56320650799995 -23.05287735468048, -44.56118062099994 -23.0513307386804, -44.55950255099998 -23.05165926868045)), ((-44.60231284799993 -23.06698395668078, -44.60246188899998 -23.06888737868081, -44.60449759399995 -23.06802229468079, -44.60420689599993 -23.06714421768079, -44.60231284799993 -23.06698395668078)), ((-44.59523039299994 -23.06527720868074, -44.59473444899993 -23.06668211468077, -44.59709014099996 -23.06663722068078, -44.59601998699998 -23.06532260868076, -44.59523039299994 -23.06527720868074)), ((-44.54581440399993 -23.0498643876804, -44.54614009999994 -23.04855997568033, -44.54408612699995 -23.04685136368033, -44.54462312899994 -23.04817211668032, -44.54581440399993 -23.0498643876804)), ((-44.56377231699998 -23.06720622168078, -44.56343397399996 -23.06789582368081, -44.56464618999996 -23.0680733796808, -44.56441779299995 -23.06731877168081, -44.56377231699998 -23.06720622168078)), ((-44.65983138799992 -23.05951091768062, -44.66063925399992 -23.0588778476806, -44.66028749299993 -23.05843147968061, -44.65959172499998 -23.05898732468058, -44.65983138799992 -23.05951091768062)), ((-44.61620813799994 -23.06143652468063, -44.61645963599993 -23.06218434368068, -44.61704766899992 -23.06235453068064, -44.61721694299996 -23.06156557868065, -44.61620813799994 -23.06143652468063)), ((-44.60898258699995 -23.05407315368047, -44.60926477599997 -23.05472977668048, -44.61010790699998 -23.05514430368053, -44.60954040399997 -23.05388573668046, -44.60898258699995 -23.05407315368047)), ((-44.63743096799993 -23.06701076568078, -44.63675529099999 -23.06701188168077, -44.63757440199998 -23.06737885968081, -44.63816916599995 -23.06639105468076, -44.63743096799993 -23.06701076568078)), ((-44.54384748999995 -23.04627493068033, -44.54387143599995 -23.04561596768029, -44.54324972499995 -23.04528448368028, -44.54364573799996 -23.04614974768031, -44.54384748999995 -23.04627493068033)), ((-44.59140629999995 -23.20370919768392, -44.59153541699993 -23.20523362768391, -44.58767963899992 -23.20680219368395, -44.58459233499996 -23.2036738106839, -44.58679634799994 -23.20723698168397, -44.58601061999996 -23.20924899968402, -44.59385549999995 -23.2160338396842, -44.59867588099996 -23.21566450168415, -44.60091110299992 -23.21714189168422, -44.60055397299993 -23.21996624768426, -44.60201696499996 -23.22209713768428, -44.61172284899993 -23.22457879968439, -44.61863470099996 -23.22470745368437, -44.62124588399995 -23.22331182068431, -44.62018317999996 -23.22128994668429, -44.61631568199994 -23.21993417968424, -44.61434488399993 -23.21762672168418, -44.60477774599996 -23.21486789968413, -44.59985788099993 -23.20559001568392, -44.59483604899998 -23.20211575968388, -44.59140629999995 -23.20370919768392)), ((-44.63723674999994 -23.22397987668434, -44.63386044099996 -23.22575575868438, -44.63683090599994 -23.22600819368439, -44.63958422299999 -23.22916612468449, -44.64701298299997 -23.22960125768448, -44.64927814899993 -23.23147007368454, -44.65101253299996 -23.23134769668451, -44.64711185199996 -23.22698001368441, -44.63950454699994 -23.22760669368442, -44.63723674999994 -23.22397987668434)), ((-44.65721643199998 -23.18271962668342, -44.65606009599997 -23.18363953068341, -44.65766820899994 -23.18596059068351, -44.65653704699996 -23.18736436368354, -44.65887019199994 -23.18816833168351, -44.65979964699994 -23.1856942616835, -44.65837735399997 -23.18328262468344, -44.65967029499995 -23.18229275468341, -44.65773605299994 -23.18114004168337, -44.65721643199998 -23.18271962668342)), ((-44.69079366399995 -23.21482506268412, -44.68963803999997 -23.21487734668416, -44.69020304599997 -23.21730637368419, -44.69258687699993 -23.21794235668423, -44.69323499299998 -23.21552595868416, -44.69079366399995 -23.21482506268412)), ((-44.66807785599996 -23.23908089368468, -44.66927355999996 -23.2403484896847, -44.67172814999997 -23.23969508068469, -44.67116169699993 -23.23887697868469, -44.66807785599996 -23.23908089368468)), ((-44.62154714699994 -23.18962809068356, -44.62079537499994 -23.1902637196836, -44.62420423499999 -23.1924115766836, -44.62299679199997 -23.18974779468361, -44.62154714699994 -23.18962809068356)), ((-44.63530980199993 -23.19292374368363, -44.63529228799996 -23.19410127868368, -44.63667996399993 -23.19453730468368, -44.63623278099993 -23.19268242268364, -44.63530980199993 -23.19292374368363)), ((-44.70887514199995 -23.20424956668387, -44.70892798999995 -23.20520458668397, -44.71052976799996 -23.20503137968391, -44.71029915899992 -23.20437094868391, -44.70887514199995 -23.20424956668387)), ((-44.67207793599994 -23.2000061696838, -44.67186875699996 -23.20035827068384, -44.67277220499994 -23.20132552768383, -44.67306069199997 -23.2004095846838, -44.67207793599994 -23.2000061696838)), ((-44.62478556799993 -23.19454129868365, -44.62572684499997 -23.19517984468368, -44.62601110199994 -23.19461400668368, -44.62506622199992 -23.19413958968368, -44.62478556799993 -23.19454129868365)), ((-44.68946880299995 -23.20995968268405, -44.68980040599995 -23.20926773768402, -44.68914712499997 -23.20915934868403, -44.68906483199998 -23.20962729968404, -44.68946880299995 -23.20995968268405)), ((-44.68263112099999 -23.20595419768396, -44.68300926199998 -23.20575212568393, -44.68153428399995 -23.20499607068391, -44.68169286999994 -23.20539866068394, -44.68263112099999 -23.20595419768396)), ((-44.68943139399994 -23.20816999468398, -44.68951301199996 -23.20775672768398, -44.68887722099998 -23.20760945168397, -44.68894107299996 -23.20794610168399, -44.68943139399994 -23.20816999468398)), ((-44.70682996099998 -23.20587064268396, -44.70703134799993 -23.20628178068399, -44.70729534299993 -23.20632007568396, -44.70688720599997 -23.20540881568393, -44.70682996099998 -23.20587064268396)), ((-44.81365976299997 -23.08006910868111, -44.81141926499998 -23.07088954368088, -44.81479550699999 -23.06767719668083, -44.80699409399993 -23.0630553516807, -44.81189456099997 -23.05451640968052, -44.80650240799997 -23.04986178568039, -44.80461761299995 -23.04928815268041, -44.80340478899995 -23.0508123776804, -44.80220835299997 -23.04878007668037, -44.80127415099997 -23.04451880068026, -44.80304421899994 -23.04006085068021, -44.80058579099995 -23.03529149968008, -44.80196251099995 -23.03158746767997, -44.79843876299997 -23.02971906167995, -44.79655396799994 -23.02694923267986, -44.79589838699996 -23.02411384467979, -44.79863543699996 -23.0202623076797, -44.79284993599998 -23.01031386667946, -44.79548864899994 -23.00705235167942, -44.79963519799997 -23.00647871867944, -44.80253625499994 -22.99877705467923, -44.80125635499995 -22.99650036467915, -44.79290140599993 -22.99341321267909, -44.79364731999994 -22.98632906067892, -44.79189818199995 -22.98187589867882, -44.78976242199997 -22.98135017267883, -44.78756245599993 -22.98254537667887, -44.78346836599997 -22.9789549746788, -44.77673952699996 -22.97805553567875, -44.77306535899999 -22.98145525367884, -44.76991224099999 -22.98088342767884, -44.76484045599994 -22.98331381167887, -44.75934333799994 -22.97909537567876, -44.75525953299996 -22.9803124916788, -44.75435156299994 -22.97860031867877, -44.75660851799995 -22.97655089867874, -44.75679011299997 -22.97431988467867, -44.75103098399995 -22.97201104467859, -44.74936970799996 -22.96997332567856, -44.74942375599993 -22.96605561267845, -44.75176614799994 -22.96263819367843, -44.74824780799997 -22.95687069067827, -44.74912749799995 -22.95372540267822, -44.74508673199994 -22.95188968867813, -44.74382065799995 -22.94720561367803, -44.73460131699994 -22.94513083567797, -44.72786509799994 -22.94182041167795, -44.71947365399996 -22.93492050667778, -44.71672033099998 -22.93493007067775, -44.71343441499992 -22.92987537667761, -44.71082117499997 -22.93010099167764, -44.71013308499993 -22.93172033767769, -44.70663497299995 -22.93160641467767, -44.70354523199996 -22.93610204067782, -44.70102797199997 -22.93519668567775, -44.70031033999993 -22.9328909016777, -44.69571661799995 -22.93205379667768, -44.68773476699993 -22.93677001067782, -44.68722370699993 -22.93251967667772, -44.68256397699997 -22.93033517767766, -44.68014820399997 -22.92577205667756, -44.67860724999997 -22.92621519667753, -44.67383737099992 -22.91804556467736, -44.67165776199993 -22.91928678567741, -44.67161205599994 -22.92206628067749, -44.66402713099995 -22.92668908267754, -44.65899404799995 -22.92793121167757, -44.65649120499995 -22.92443989667753, -44.64664436699996 -22.91952127267739, -44.64639913199994 -22.91819552367738, -44.64283950899993 -22.91752450567736, -44.63867349099996 -22.91415377367729, -44.63546546499998 -22.91539884767731, -44.63393108899992 -22.91429828067731, -44.63003758399997 -22.91736681767737, -44.62960882099997 -22.92133423267743, -44.62718820999999 -22.92411305067752, -44.62265485399996 -22.93669515567778, -44.62026410999994 -22.93961545967789, -44.61378182099998 -22.93877247067785, -44.61220049099995 -22.93727834767783, -44.60777044299994 -22.94270254067795, -44.60234043599996 -22.94528964167797, -44.59693368399996 -22.94571985667803, -44.59453262099998 -22.94766745067808, -44.58676550199993 -22.94733025467804, -44.58487604499992 -22.94566171967798, -44.58148083799994 -22.94775465567809, -44.57702753499995 -22.94641168867802, -44.57425566299997 -22.95068134767812, -44.57086500799994 -22.95125413767817, -44.56508663199997 -22.95497179467824, -44.56167402899995 -22.9544341116782, -44.56176620199994 -22.95922711467828, -44.55780934099994 -22.96132076167838, -44.55742089699998 -22.96316422467843, -44.56056562299994 -22.97180391867863, -44.55501614399998 -22.97223747167864, -44.55441583999993 -22.97573257667866, -44.55209466399997 -22.97290447667861, -44.55044049199995 -22.97283777667862, -44.54858621899996 -22.97625283967874, -44.54931992399997 -22.97801373267876, -44.54571809899993 -22.97862737667878, -44.54447746999995 -22.9815088366788, -44.54563805899993 -22.98353653067889, -44.54344677799997 -22.98487251267893, -44.54595918099994 -22.99229176867911, -44.54152414099996 -22.99318821367909, -44.54385961399998 -22.99640833567918, -44.54056871999995 -22.99598370467918, -44.54136854999995 -22.99864419967921, -44.54454830799995 -22.99830762367923, -44.54143940799997 -23.00045108167924, -44.54282999799995 -23.00213396167932, -44.54514174399998 -23.00045108167924, -44.54298057199998 -23.00370169667933, -44.54595661299993 -23.00324997667933, -44.54474316799996 -23.00642973467938, -44.54817092899998 -23.00392312867933, -44.54663862199993 -23.00857319167948, -44.54337914899997 -23.00836061767944, -44.54681576699995 -23.01085836567947, -44.54477859599995 -23.01371040467955, -44.54780778099995 -23.01479099067957, -44.54460145099995 -23.01613729467964, -44.54614261499995 -23.02044192467971, -44.54412315899998 -23.02097336067975, -44.54467230999995 -23.02256766867979, -44.53843679599998 -23.02302824567981, -44.53600990599994 -23.02508313067979, -44.53310472299994 -23.02093793167971, -44.52989839399998 -23.0202116366797, -44.52793208099995 -23.02460483867982, -44.52176742599993 -23.02588028567987, -44.52108087899995 -23.0272922916799, -44.53053854399996 -23.02712772067988, -44.54458645699997 -23.03274093467997, -44.55196380799998 -23.03799845368011, -44.55455961199993 -23.03640255868009, -44.55694634399998 -23.03699818868008, -44.56150193699994 -23.04002923268016, -44.56195530099995 -23.04238229168025, -44.56654572099995 -23.04359951968023, -44.56938602899993 -23.04719834468036, -44.57702358299997 -23.0488298216804, -44.57797598999996 -23.05399127568047, -44.58566569999993 -23.05666456268057, -44.58342994099996 -23.05803535268056, -44.59310774599992 -23.0593440126806, -44.59487116599996 -23.0630196496807, -44.59716994099995 -23.0641420986807, -44.60003541999998 -23.06201111368069, -44.59788043799995 -23.05899758168064, -44.59396189699998 -23.05744970768054, -44.58955101799995 -23.05044385068041, -44.59292437599999 -23.0465177316803, -44.59619870699998 -23.04506739468027, -44.59939628899996 -23.04736442668032, -44.60429570399997 -23.04774960968032, -44.60821407299994 -23.04980644468041, -44.61154221099996 -23.04776960168036, -44.61422154099994 -23.05156356268042, -44.61345835199995 -23.0461338926803, -44.61857545299994 -23.04416303868027, -44.63806731799998 -23.05253000568045, -44.63773748899996 -23.04866537868037, -44.64087740099995 -23.04757278068033, -44.64340470099994 -23.04820383168037, -44.64492496799993 -23.04671261768032, -44.64812528999993 -23.04903539368035, -44.64734258799995 -23.05330886568047, -44.65089139299994 -23.05654746468055, -44.65490980899995 -23.05497070368054, -44.65636563899994 -23.05221138068045, -44.66072724099995 -23.05478413868049, -44.66120398999992 -23.05650002768056, -44.66392341599993 -23.05349136968048, -44.66869190499995 -23.05425490168052, -44.67860147599998 -23.0641068426807, -44.67837249799993 -23.06598336968078, -44.67564991999995 -23.06718042968079, -44.67763184799996 -23.06860940068082, -44.67609102599994 -23.07005592668084, -44.67665301299996 -23.07113563868085, -44.68186222899993 -23.07261370768092, -44.68162049899995 -23.07138244368089, -44.68350089499994 -23.07126541568089, -44.68684672099993 -23.07525272868096, -44.68714837499993 -23.07885275068107, -44.68477068499993 -23.07932603468108, -44.69101949399993 -23.08275616068115, -44.68987217799997 -23.08740017768123, -44.68751956299997 -23.08823723468126, -44.68743750499993 -23.09098883968134, -44.68887639599995 -23.09127488368137, -44.68972162699998 -23.08996201868129, -44.69121287199993 -23.09083492068133, -44.69517814799998 -23.0990118236815, -44.69578620499993 -23.10205313968159, -44.69432191399994 -23.10711784768166, -44.69810713699997 -23.11391442668184, -44.69890069099995 -23.12117637468202, -44.69733050199994 -23.12428533768208, -44.69235705399995 -23.12272338368203, -44.68849488399997 -23.12507119068213, -44.68826973699998 -23.12644701168217, -44.68964732699993 -23.1294698686822, -44.69207357099998 -23.13091221168224, -44.69908380599998 -23.13066652168224, -44.69982219599995 -23.13554192568231, -44.69727855199994 -23.13665261368239, -44.69832541099998 -23.14218387168247, -44.69578610399998 -23.1455899146826, -44.69301791699995 -23.14642547468259, -44.69564447999993 -23.14828048268263, -44.69516267499995 -23.15117728768267, -44.69746070499996 -23.15173742068272, -44.69665482299995 -23.15412248168276, -44.69946616399994 -23.15564076068283, -44.70591643199997 -23.15625946468283, -44.70689982499994 -23.16063444868289, -44.70566000499997 -23.16234813368295, -44.70752038599994 -23.16365573268295, -44.70607458199999 -23.16760336968307, -44.70381028499997 -23.16938704268316, -44.70166076199995 -23.16839934168308, -44.69831513999997 -23.16915649468308, -44.69954633199995 -23.17242132768316, -44.69831114999994 -23.17449873768325, -44.70328246499997 -23.17677348468328, -44.70585973899995 -23.17386009368325, -44.70773595499997 -23.17411095568321, -44.71052153499993 -23.17704149768328, -44.71074539599994 -23.18113602868341, -44.71233963499998 -23.18287261368344, -44.71641146199993 -23.18270224568343, -44.71719607499995 -23.18504037368346, -44.71444597899994 -23.18790417368352, -44.71230730499997 -23.1851613086835, -44.70650902999994 -23.1855126926835, -44.71102816599995 -23.1903070816836, -44.71352396199995 -23.1892791536836, -44.71502846999993 -23.19046405268362, -44.71428909499996 -23.19402645368365, -44.71982893099994 -23.1945679556837, -44.72115709799994 -23.20182615568383, -44.71525822699994 -23.21088572068406, -44.71029711299996 -23.21102006268405, -44.71213673599993 -23.21411373468414, -44.70952906099996 -23.21643562268419, -44.71035354199995 -23.21722943268421, -44.70911562099997 -23.21928136768425, -44.70983304699995 -23.22115766168429, -44.71139794399993 -23.22037900668429, -44.71482454699998 -23.22150378668431, -44.71172313599993 -23.22609771568443, -44.71464775099997 -23.22821478468443, -44.71527401499996 -23.23088302268451, -44.71317946199997 -23.23411426768457, -44.71031525799998 -23.2349752226846, -44.69484577299994 -23.23263719568455, -44.69423392399994 -23.22875701968445, -44.69042835799996 -23.22206351168429, -44.68747751899997 -23.22160237668431, -44.68348435399997 -23.22396766968433, -44.68150984999994 -23.22072641168424, -44.67734194499996 -23.21990769968429, -44.67288219899996 -23.21471096468413, -44.67780572599996 -23.2124822046841, -44.67244287499994 -23.21035783668406, -44.67102478799995 -23.21133000168406, -44.66749540499995 -23.20497350968392, -44.66645519699993 -23.20997241068406, -44.66509403599996 -23.20987630668403, -44.66360153699998 -23.20607400468394, -44.66074583599993 -23.20844015168398, -44.65905181099998 -23.20807798668402, -44.65713958799994 -23.20506958568389, -44.65682059999994 -23.20088517168386, -44.65808526699993 -23.19923522968379, -44.65521262399994 -23.19574431968373, -44.65435726799996 -23.1905441596836, -44.65267597299992 -23.18835000768352, -44.64736802499993 -23.18795102268354, -44.64370663199998 -23.18523608468346, -44.64419820799998 -23.18945698468356, -44.64590101699996 -23.19132482068363, -44.64476600899997 -23.1921763636836, -44.64571376599996 -23.19453418168366, -44.64371578299995 -23.19642137268374, -44.63694304099993 -23.19548095768372, -44.63460501999997 -23.19670879168372, -44.63162958299995 -23.1955940846837, -44.62924504499995 -23.19679663368374, -44.62636119499994 -23.19623413668369, -44.62751899499994 -23.20059276868384, -44.62640528299993 -23.2026980186839, -44.62452539599997 -23.20228843868388, -44.62173797299993 -23.2046371126839, -44.61602344399994 -23.20382022568391, -44.61579280099993 -23.20636315268394, -44.62006756399995 -23.20598696368393, -44.62343595599997 -23.20723934068396, -44.62717534999996 -23.21311071268411, -44.62613427299993 -23.21507282568414, -44.62457874899996 -23.21453862068411, -44.62371297399994 -23.21566002568418, -44.62484550799996 -23.22198076168429, -44.62851310699994 -23.22391024968436, -44.63387823399994 -23.22172420868431, -44.63248756799993 -23.21937546868426, -44.63387501299997 -23.21696958168419, -44.63822024199993 -23.21662113768419, -44.64097497899996 -23.21923375268427, -44.63864136599994 -23.21291520668409, -44.63651596199998 -23.21143328468406, -44.63697206699992 -23.21058110568406, -44.64062265199993 -23.21464055168413, -44.64671256499997 -23.21725966868418, -44.65137059499995 -23.2221574196843, -44.65273758899997 -23.21704104968417, -44.65591195599995 -23.21813777668422, -44.65712668199996 -23.21468815568416, -44.66286104799996 -23.21407317668412, -44.66243658199994 -23.21718548668418, -44.65892299699993 -23.22139396268432, -44.66313579099995 -23.22502716268436, -44.66397795299997 -23.22801282068444, -44.65884460799997 -23.22704942968444, -44.65681260199994 -23.22373296568436, -44.65491686099995 -23.22483607568434, -44.65475180799996 -23.22708679968442, -44.66672644899995 -23.23508241868458, -44.66929117199992 -23.2348942466846, -44.67014403899998 -23.23197784168453, -44.67299096499994 -23.23057488168448, -44.67435129099994 -23.23430253268459, -44.67835214599995 -23.23821050668469, -44.67675914399995 -23.24003544868473, -44.67481427099994 -23.23881131768466, -44.67210983699994 -23.2397948836847, -44.67689410599996 -23.24266563068481, -44.68042231399993 -23.24196660068476, -44.68170332699997 -23.24001178568474, -44.68322304599996 -23.24045581368475, -44.68508937499995 -23.24199036468475, -44.68137790399993 -23.24308706368478, -44.67896742299995 -23.24592311868485, -44.68489249899994 -23.25027196968498, -44.68964640499996 -23.25240757968502, -44.69232478199995 -23.25213234868501, -44.69054030199992 -23.25370265968501, -44.68511259199993 -23.251931634685, -44.68034248899993 -23.252671264685, -44.67884601599996 -23.25056740068498, -44.67476003799993 -23.25039627968497, -44.67401710699993 -23.2467752726849, -44.67148641299996 -23.24723605268488, -44.66945413999997 -23.24426045968483, -44.66760326799994 -23.24548915668484, -44.67035109199997 -23.2482303046849, -44.66924422099998 -23.25026784368497, -44.66783711599992 -23.2479053196849, -44.66391921399997 -23.24793704468491, -44.66096691399996 -23.24479741068482, -44.65890827699997 -23.23964847568473, -44.65451424099997 -23.23909395568466, -44.65196435599994 -23.23501935068461, -44.64467993199997 -23.23597737368465, -44.64309647499994 -23.23446189968457, -44.63828465199997 -23.23398824368458, -44.63669224599994 -23.23839966168467, -44.63167624399995 -23.24034343468471, -44.62692290899996 -23.23649627568465, -44.62365528599997 -23.23733264268467, -44.61940738999994 -23.23416234668458, -44.61340805299994 -23.23357067868459, -44.61304328199997 -23.23486380468458, -44.61854834499996 -23.23886019168469, -44.61968931099994 -23.24234775168478, -44.62489246199993 -23.24398049468482, -44.62679446999993 -23.24654787968483, -44.62620716699996 -23.24970850668492, -44.63446597899997 -23.25871228168511, -44.63375512599998 -23.26184749068525, -44.63585651699997 -23.26378360168525, -44.63595960799994 -23.26735198568533, -44.64060642299994 -23.27090465768544, -44.64198199999998 -23.27744681168555, -44.64936189999997 -23.28374436368573, -44.64977560099993 -23.2873006306858, -44.65424494199993 -23.2883518626858, -44.65727252999995 -23.29216322168589, -44.65536640899995 -23.29538910968594, -44.65392722599994 -23.29361496268591, -44.64978575199995 -23.29524768968597, -44.64989061099993 -23.298187602686, -44.64673384499997 -23.29723409068602, -44.64802950699993 -23.3019046396861, -44.64013900499998 -23.30133898968608, -44.63879860599996 -23.30234610868611, -44.63749758599995 -23.30120308668608, -44.63685902999998 -23.29909006268604, -44.64370926399994 -23.29405726968594, -44.64624105699994 -23.28984792968587, -44.64203215099996 -23.28666938468577, -44.64262399899997 -23.28908074968581, -44.63820979699993 -23.29013821968588, -44.63039946699995 -23.28191041968566, -44.62669965199996 -23.27061038168545, -44.62359349199994 -23.26850933568539, -44.62144785899994 -23.26432408868529, -44.62095220199996 -23.25828314268517, -44.61397075099995 -23.25218864068496, -44.60684285199994 -23.25108112468495, -44.59710959899996 -23.2442306526848, -44.59704263799995 -23.23806987768467, -44.59929785799994 -23.23792869968467, -44.59924321799996 -23.23649253868462, -44.59087088199993 -23.23251403668454, -44.57484345799997 -23.23356043568458, -44.57049217699994 -23.22994044968451, -44.56559528799994 -23.23004785468449, -44.56025890799998 -23.2263780886844, -44.55911900099994 -23.22730617068446, -44.56054032799994 -23.23117851668451, -44.57156072499998 -23.2392083456847, -44.57850120399996 -23.24667730468486, -44.57786241399998 -23.2484784376849, -44.57495657299994 -23.2480407846849, -44.57518501499992 -23.25157517568499, -44.57609509699994 -23.25370462268501, -44.58145181199995 -23.25760526068509, -44.58143895099993 -23.26172431268522, -44.58490231899999 -23.26374827568525, -44.58341580599995 -23.26804251368534, -44.57996612899995 -23.27089876968538, -44.57575752099995 -23.26850554868535, -44.57238429499995 -23.27164838568541, -44.56717238999993 -23.27083714868539, -44.55892505299993 -23.2735184506855, -44.55142293199999 -23.27064965868544, -44.55040484099993 -23.27365545668549, -44.54780502399995 -23.2743106196855, -44.54380924699995 -23.27217684268547, -44.54007758199998 -23.26655148668535, -44.53799316799994 -23.26673341068535, -44.53542955799997 -23.26814960968538, -44.53571464099997 -23.26978912368538, -44.52719437399997 -23.27275448768543, -44.52542319399998 -23.27477285168551, -44.52602723099994 -23.27663720768556, -44.52302484099994 -23.27679403368552, -44.52217212299996 -23.27944196168564, -44.51851756799994 -23.27952928968563, -44.52071349999994 -23.28345806568568, -44.51520900299995 -23.28578722068577, -44.51314420999995 -23.29114453968587, -44.50931100699994 -23.2922787636859, -44.50530332199997 -23.29077078368589, -44.50286140499997 -23.29313598868594, -44.50266940299996 -23.29523966968597, -44.50643359899993 -23.29971086568608, -44.50787936599993 -23.29935723268608, -44.50951152499993 -23.30104577868608, -44.50977553299998 -23.29539219068599, -44.51333113899994 -23.29572083768601, -44.51394829099996 -23.29165892168589, -44.52426911599996 -23.29054338268585, -44.52530159099995 -23.28758296068579, -44.52887034799994 -23.2867643146858, -44.53005974299997 -23.28759169268582, -44.52968217399995 -23.29021421868585, -44.53581184999995 -23.29207709468591, -44.53969033199996 -23.29744329268603, -44.54097077899996 -23.30003488368608, -44.53964840199995 -23.30117717768609, -44.54034046299994 -23.30472552868617, -44.54234086699994 -23.30477579468619, -44.54219268799994 -23.30221551468612, -44.54423045799995 -23.30219346068613, -44.54888530999995 -23.3046425346862, -44.54931732199997 -23.30723117368622, -44.55075152399996 -23.30780290468626, -44.55232694099993 -23.30352964868614, -44.55576308699994 -23.30356711468619, -44.55549478199998 -23.30535986068619, -44.55738268399995 -23.3061442396862, -44.55939359099995 -23.31079726968635, -44.56239742299994 -23.31131608868633, -44.56021099999997 -23.31577824368643, -44.56332596999992 -23.31792706768651, -44.56411079699996 -23.32106331068653, -44.56629582699997 -23.32299458068659, -44.56226022099997 -23.32629909668668, -44.56181406399997 -23.32976806668673, -44.57261595999994 -23.34613803568713, -44.58535563499998 -23.35955842268744, -44.59140472799993 -23.3622701986875, -44.59592053999994 -23.35847472668739, -44.59935786299996 -23.35916906168741, -44.60351817799994 -23.36259129668748, -44.60347814099998 -23.36582882868758, -44.60603743299998 -23.36703982968761, -44.60823660399995 -23.36395513968749, -44.60762718899996 -23.35991697768742, -44.60883347699995 -23.35639242068735, -44.60680826799994 -23.34792689168714, -44.61115102699994 -23.34938472868719, -44.61156326999997 -23.34769335968714, -44.61325171899994 -23.34734831568717, -44.61817375699996 -23.35162600368728, -44.61613044199999 -23.34657340768712, -44.61880814899995 -23.34429992368706, -44.61857556699992 -23.34145291168704, -44.62413419099994 -23.33908115168696, -44.62628770899994 -23.341139865687, -44.62862384099998 -23.34969844168718, -44.63149410999994 -23.35210054068728, -44.63435146999995 -23.35225051168728, -44.63563578099996 -23.35073721668725, -44.63400727699996 -23.3504468746872, -44.62876610699993 -23.34263817268704, -44.62887115099994 -23.33740900668695, -44.63972340299993 -23.3310348666868, -44.64444414899998 -23.33408137968682, -44.64725166699997 -23.33418730168683, -44.65111698899994 -23.34097660568703, -44.65502339999994 -23.34291626368704, -44.65866025099994 -23.34156315068702, -44.66041251299998 -23.33892836668695, -44.66304964299996 -23.33914896968695, -44.66374054499993 -23.34205171368699, -44.66177668499994 -23.34224606268704, -44.66316193299997 -23.34409888668711, -44.65858666199993 -23.34534205568708, -44.65978877699995 -23.34744545568715, -44.67235516999994 -23.34502099168711, -44.67381769199994 -23.34343138168708, -44.67257670599997 -23.34074246168697, -44.67458042499992 -23.34058411868703, -44.67346011499995 -23.33835914768693, -44.67524469599994 -23.33588994068689, -44.67947861399995 -23.33923862668694, -44.68175416199994 -23.33886663068693, -44.68394712399999 -23.34256738468702, -44.68357351099996 -23.34625476168712, -44.68130643699993 -23.34607170968709, -44.68105921399996 -23.34716820468714, -44.68620003599995 -23.35202187368726, -44.68504980699998 -23.34748100368713, -44.69059211999996 -23.34755117668715, -44.69070680899996 -23.34412241568706, -44.69491633099994 -23.34287017268704, -44.69848021699993 -23.34386511968705, -44.70117740399996 -23.34024120668701, -44.70432559099998 -23.34113018068699, -44.70479293899994 -23.34398469668708, -44.70730403599997 -23.34262353768705, -44.71593329399995 -23.34516324768709, -44.72197146199994 -23.35038304568721, -44.72238032899996 -23.35333516168728, -44.71922417599995 -23.3542078446873, -44.72140136099993 -23.35756869368739, -44.72691977799996 -23.35350509768732, -44.73210545099993 -23.35889111368744, -44.73165593199996 -23.36291968468749, -44.72698217399994 -23.36724740268761, -44.72421757799999 -23.36745630668761, -44.72686488399995 -23.36887271568762, -44.73254091399996 -23.36591842668757, -44.73575535199995 -23.36563716368758, -44.74146098099992 -23.3588868426874, -44.75642820899998 -23.35020785968723, -44.75994400099996 -23.34122752168702, -44.76339952299997 -23.34158914668699, -44.77075255099993 -23.33825416668694, -44.77715015599995 -23.33849879568695, -44.77625727599997 -23.33238781668679, -44.78161113599997 -23.32589687468668, -44.77811198199998 -23.31559770668643, -44.78678456199997 -23.31008764968631, -44.78800501099995 -23.3057805176862, -44.78626001699996 -23.3014001946861, -44.78742138499996 -23.29910688568607, -44.80536440699995 -23.29004908768583, -44.80716210599996 -23.28687600268575, -44.80714979899994 -23.28348551768573, -44.81884870599998 -23.28973765468586, -44.82672079999997 -23.2916213556859, -44.82718595499995 -23.2888424516858, -44.82375890499998 -23.28069233868563, -44.82884858099994 -23.27624550068554, -44.82848293999995 -23.2695571136854, -44.83451920599997 -23.26740130468535, -44.83999308799996 -23.26338962468525, -44.83605639199993 -23.25617234868509, -44.84213015099993 -23.25572244068507, -44.85212185999995 -23.24889883568492, -44.86946413399994 -23.24983400668494, -44.87199279899993 -23.2489550736849, -44.87831088399997 -23.24287532668475, -44.88086761999995 -23.23658993868464, -44.88595080099996 -23.23579033768463, -44.88932055099996 -23.22659492068442, -44.88760711899995 -23.2216830826843, -44.88257019499997 -23.21761421868418, -44.88011470499998 -23.21330970868409, -44.88348236799993 -23.21100793268409, -44.88372072399994 -23.20480512768388, -44.87490012299997 -23.19674605268375, -44.87683237399994 -23.19448787868371, -44.87412557999994 -23.18971358368359, -44.87474838199994 -23.18469838968346, -44.87273246999996 -23.18250219368341, -44.86045671799997 -23.18097796868341, -44.85635933699995 -23.17668391368331, -44.85308143199995 -23.1766019656833, -44.85273725199993 -23.17389769468322, -44.84791873299996 -23.17414353768324, -44.84485389199994 -23.1723898586832, -44.84528001999995 -23.1689808376831, -44.84290353899996 -23.16668630468303, -44.83936340199994 -23.16585043868303, -44.83810140899993 -23.16724354868304, -44.83351234199996 -23.16683381068304, -44.82844797999996 -23.16201529068293, -44.82515368499998 -23.16304783068301, -44.82313777399997 -23.16091719268291, -44.82125297899995 -23.15352551768273, -44.82548147599993 -23.14374097268251, -44.82348195399992 -23.14120059668248, -44.81605749999994 -23.14031556268246, -44.81584443599996 -23.13733266868239, -44.81930262599997 -23.1338253116823, -44.81925345699994 -23.13159633568228, -44.81441854799993 -23.12746617668214, -44.81489384399999 -23.120402291682, -44.81059978899997 -23.11553460368189, -44.81297626999998 -23.11273199568181, -44.81527080299997 -23.11245337368182, -44.81643445899993 -23.10783152768173, -44.80933779599996 -23.10139044568156, -44.80881333099995 -23.09947287168149, -44.81287793299998 -23.09822726768151, -44.81118981199995 -23.09629330368147, -44.81253375299996 -23.09168784768133, -44.81884371899997 -23.09145839468137, -44.81792590599996 -23.0857220616812, -44.81365976299997 -23.08006910868111)), ((-44.66931929199995 -23.09717123068147, -44.67130440099993 -23.09853442468154, -44.67387352299994 -23.0985205956815, -44.67173527799997 -23.09700216068145, -44.66931929199995 -23.09717123068147)), ((-44.68345800299994 -23.08668268368123, -44.68251690699996 -23.08685138468122, -44.68489251399995 -23.08861099068127, -44.68413779099996 -23.08698940268127, -44.68345800299994 -23.08668268368123)), ((-44.67627996599997 -23.09587399168145, -44.67655322299998 -23.09597148968145, -44.67675385899997 -23.09596005368142, -44.67596941899995 -23.09558377368142, -44.67627996599997 -23.09587399168145)))"
3303856.0,Paty Do Alferes,33,RJ,"MULTIPOLYGON (((-43.50701827499994 -22.33213103366379, -43.50363036899994 -22.31118050266331, -43.32539565999996 -22.27872007966257, -43.28843046399992 -22.37133163866471, -43.29620269999997 -22.37235891266478, -43.29962719099995 -22.36990058066471, -43.30151686999994 -22.37353119666474, -43.30481093999997 -22.37456797266481, -43.30525336999994 -22.37783631366484, -43.31000830099997 -22.37813702166484, -43.31605209099995 -22.38131658266496, -43.31809739199996 -22.38396389666502, -43.31759817799996 -22.38778540666513, -43.31912621999993 -22.39161844166516, -43.32535371699998 -22.39354981766522, -43.32689616399995 -22.39543296466527, -43.32651143999993 -22.40131669166542, -43.32889919999996 -22.40325190166549, -43.33629497999993 -22.40341939866548, -43.33460546399993 -22.40468769066549, -43.33449329899997 -22.40836201766557, -43.33758989999995 -22.40993015566558, -43.33799252499994 -22.41474513166573, -43.34431972699996 -22.41798968366581, -43.35327482899999 -22.41715002566579, -43.36117821799996 -22.41975610066588, -43.36136727899997 -22.42569142366596, -43.36532677099995 -22.42635295366598, -43.37016804099994 -22.43232664766614, -43.37417500799995 -22.43445391766616, -43.37134069899996 -22.44067223266632, -43.37376099599994 -22.44324655966636, -43.37730124999996 -22.44247590066638, -43.37608914499998 -22.44509975966645, -43.37159728399995 -22.44526044266643, -43.37110080099995 -22.4465896016665, -43.37026933199996 -22.45171265066658, -43.37423981199998 -22.45171733666658, -43.37366081399994 -22.4546633876667, -43.37618312599994 -22.45416701066662, -43.38345305099994 -22.4607772806668, -43.39480267699996 -22.46345733266687, -43.40301644099997 -22.46760946566696, -43.40457558399999 -22.46970034066702, -43.40871232499995 -22.47030755866702, -43.41156395099995 -22.46896615066703, -43.41514165099994 -22.47002077166702, -43.42007866399996 -22.46878975566698, -43.42412583699996 -22.47137439966705, -43.42928535999994 -22.47191639766707, -43.42870113099996 -22.47508583666714, -43.43052732599994 -22.47622853866714, -43.43114307499997 -22.47469772766715, -43.43692634399998 -22.47456462366709, -43.43794670899995 -22.47109142366706, -43.44082949199998 -22.46878386366699, -43.43991989399995 -22.46424595366686, -43.43662826099995 -22.4640501676669, -43.43470309499997 -22.4605793706668, -43.44236668099995 -22.45116442866659, -43.44245114699999 -22.4490293666665, -43.43868967799993 -22.44563362666646, -43.49145272299995 -22.42000017366585, -43.49314528499996 -22.4170257856658, -43.49562943199993 -22.41782209866576, -43.50093315199997 -22.40889909066561, -43.50341440599993 -22.40792306666558, -43.50623910499996 -22.40233448266545, -43.50781484999992 -22.40162847066539, -43.50528603599997 -22.39900773166539, -43.50119304699996 -22.38971905466514, -43.49430128699998 -22.38444024266506, -43.49410122999995 -22.38206696066498, -43.48797953099995 -22.3789909866649, -43.48899300899996 -22.3779122106649, -43.48769552899996 -22.37341631466476, -43.49296758699995 -22.36963684666465, -43.49437005099998 -22.37021446066467, -43.49656392999998 -22.36882249766464, -43.49680486099992 -22.3664249496646, -43.49835590699995 -22.36558378766454, -43.49978946199996 -22.35211282766424, -43.50380888299998 -22.34847585266422, -43.50302185399993 -22.34369429566409, -43.50481805599998 -22.33811876266395, -43.50722816999995 -22.3353431126639, -43.50701827499994 -22.33213103366379)))"
3303906.0,Petrópolis,33,RJ,"MULTIPOLYGON (((-43.28341315899996 -22.36407234666453, -43.28053716099998 -22.35795992166443, -43.27832808699997 -22.35616161566435, -43.27689666999998 -22.34957339666422, -43.27373246499996 -22.34676588166413, -43.27235051799994 -22.34288457666406, -43.26853150099999 -22.34119883266404, -43.26811372299994 -22.33352651466385, -43.26575441099993 -22.33473221066386, -43.26132156799997 -22.3336582776638, -43.26221812899995 -22.33298759866381, -43.26020961299996 -22.32892767166374, -43.26450135099998 -22.3245576316636, -43.26330986499994 -22.32095890366355, -43.25500065399996 -22.31443973966338, -43.25101468199993 -22.31285467866335, -43.24968727099997 -22.31363915866335, -43.24780839199997 -22.31124178666335, -43.24735871999996 -22.30707464666318, -43.24197977099993 -22.30313738166311, -43.23804755799995 -22.30477937566316, -43.23915605499997 -22.30647474266321, -43.23541913499998 -22.31166038766332, -43.23118045899997 -22.30885930966326, -43.22637499499995 -22.30991608466328, -43.22482015799993 -22.30513478066316, -43.21630318399996 -22.30555779166316, -43.21172622399995 -22.29986266766305, -43.21028811299993 -22.30043235366307, -43.20736326099995 -22.29862603166303, -43.20591820399994 -22.30123825066311, -43.20071807999995 -22.30376015466316, -43.18166987899996 -22.30114489966307, -43.17387023099997 -22.31017232866329, -43.16720261799997 -22.30922528666326, -43.16122579499994 -22.31024256266324, -43.15432107299994 -22.30646412766322, -43.15107095999997 -22.30865958366323, -43.14956193099994 -22.30605130466316, -43.14552460799996 -22.30400412066312, -43.14622019799997 -22.29813360966297, -43.14040475099995 -22.29383608166289, -43.13720558899996 -22.29469585066294, -43.13915201599995 -22.2907187516628, -43.13753146899994 -22.28697026966272, -43.13984387499993 -22.28473073866268, -43.13704526499998 -22.28300731966267, -43.13044942799996 -22.28249139266263, -43.12700740799994 -22.27587300066246, -43.12288502999996 -22.27581914666246, -43.12126340199995 -22.28010856166259, -43.11865613899993 -22.28036660466256, -43.11625982799995 -22.28300703566266, -43.11059423599994 -22.28340242166264, -43.10634594099997 -22.2815436946626, -43.10608822999995 -22.27508576666246, -43.10284045599997 -22.27349296166239, -43.10129235799997 -22.26587288066224, -43.09974994499998 -22.26459790566222, -43.09431936199996 -22.26565793866224, -43.08989957199998 -22.26135794966212, -43.09276860999995 -22.25345153766192, -43.09056611499994 -22.25038070866188, -43.09395422399995 -22.24232640966167, -43.07594819999996 -22.22345818066126, -43.05977088299995 -22.21586226666103, -43.05742911899995 -22.21643949466105, -43.05539801299994 -22.21385420266101, -43.05296924699996 -22.21428527966104, -43.05034597999997 -22.20742758066085, -43.04758528799993 -22.20863231866089, -43.04353661699997 -22.20797261766087, -43.03932314399998 -22.2045669416608, -43.03810940599993 -22.20676506666083, -43.03619781399992 -22.20683280966084, -43.03161023999997 -22.20270685966074, -43.02903469799997 -22.20259285066077, -43.01891804799992 -22.21773812666114, -43.01830236299998 -22.22280736066121, -43.01538215799997 -22.22331088066122, -43.01188218699996 -22.22000550966117, -43.00859037199996 -22.21933974966116, -42.99675345999997 -22.22612500666132, -42.99655208899997 -22.23247795766147, -42.99251135199994 -22.23708806266154, -42.99242771999996 -22.2390192086616, -42.97992658199995 -22.24936323566186, -42.97798137599993 -22.25522947966202, -42.97855042099996 -22.26065511066213, -42.98060830299994 -22.26469997566219, -42.98363042499994 -22.26347693966216, -42.98792764599995 -22.26937917266233, -42.98817342799999 -22.27560864666248, -42.98981821099995 -22.27843699566253, -42.99937735499997 -22.28186278066264, -43.00221417699998 -22.28632342066276, -43.01388252499998 -22.28788408766275, -43.01669708199994 -22.29051966166283, -43.01182190299994 -22.29609957466299, -43.01408006699995 -22.30199300166311, -43.01914790699993 -22.30286924866314, -43.02371384899993 -22.30659672366317, -43.02669376399996 -22.30442391466317, -43.03639417199997 -22.30836424066325, -43.04311861799992 -22.31540461066341, -43.04614739199995 -22.32252085866358, -43.04625526499995 -22.32641260766365, -43.03988814199994 -22.3286785716637, -43.03390738699994 -22.32726689366368, -43.03023664299996 -22.33130226266378, -43.03046567299998 -22.33733494466393, -43.02790142999998 -22.339698152664, -43.03114865599997 -22.34464024466408, -43.02720751099997 -22.34635266666415, -43.02683506599994 -22.35182646266427, -43.02418971399993 -22.35472974066435, -43.02143576499998 -22.35520718266435, -43.02678815099994 -22.36236444766449, -43.02640563699998 -22.3635492146645, -43.02984018399996 -22.36316516366452, -43.03118510199994 -22.36448762166455, -43.03537893899994 -22.37235621966478, -43.02830311599995 -22.37837468466487, -43.03142205599993 -22.38640822066507, -43.03467767899996 -22.38967707066513, -43.02861298899996 -22.39248988166522, -43.02843142599993 -22.39526073266527, -43.03098825999995 -22.40258143066544, -43.03414569999995 -22.40476778766551, -43.03743252899994 -22.41040862566561, -43.03800943599997 -22.41453393066572, -43.03722883099994 -22.41672896766581, -43.03256475199998 -22.4183095666658, -43.03175932199997 -22.41984244766584, -43.03160352999998 -22.4217316406659, -43.03491846899993 -22.42321237866593, -43.03294019199996 -22.43284195466616, -43.03139086199996 -22.4347153586662, -43.02781935399997 -22.43500360266618, -43.02645270799997 -22.43932243366631, -43.02218422699997 -22.44111486066636, -43.02679330999995 -22.44969089666651, -43.02546965499993 -22.45499192666664, -43.02851014299994 -22.45815234066676, -43.02884305499997 -22.4612512436668, -43.03173859799995 -22.46195185966682, -43.03521222299997 -22.46237352766683, -43.03603681699995 -22.45946506166678, -43.04038405899995 -22.45642699166669, -43.04360451699995 -22.45950105466675, -43.04730868499996 -22.46020763866677, -43.05025164899995 -22.46522367566689, -43.05530862599994 -22.46776226066698, -43.05489450999993 -22.47043569666706, -43.05788044899998 -22.47433050066712, -43.05478426199993 -22.47832768666719, -43.05501676399996 -22.48133270066726, -43.05792153499993 -22.48133994366728, -43.05970924499996 -22.48373444666735, -43.06263840299993 -22.48343563766732, -43.06227076399994 -22.48462706166737, -43.06612440499998 -22.48600730566737, -43.07301304699996 -22.48573017766737, -43.07967568299993 -22.48740779366741, -43.08109362399995 -22.48956622166749, -43.07677613099997 -22.49016780466749, -43.07452393799997 -22.49246677166754, -43.07063015899996 -22.50053327466773, -43.07666185599993 -22.50910370066795, -43.07632347699995 -22.51098183666793, -43.08704307699997 -22.51714915566813, -43.08946095899994 -22.52103781766824, -43.09598614699996 -22.52289566266823, -43.10469658499994 -22.53188296266843, -43.11031015099996 -22.53476412766853, -43.11410652399996 -22.53415000566852, -43.11793533199994 -22.53065264566844, -43.12280024899997 -22.53101213766843, -43.12639005299997 -22.53439278066853, -43.13127404899996 -22.53379091166853, -43.13591168199996 -22.53634407266858, -43.14892141099995 -22.53969746566863, -43.16204639199998 -22.54715413466886, -43.18260893599995 -22.55321970066894, -43.19814980799998 -22.55313576466892, -43.22501046299993 -22.5636331276692, -43.25566317099998 -22.57226849266943, -43.25548738499998 -22.57333264866943, -43.26079479099997 -22.56126410766912, -43.25811154599995 -22.55498055966898, -43.26070194899995 -22.555356797669, -43.24600520999996 -22.52703155266837, -43.23425291199994 -22.52274800666825, -43.23122687099993 -22.52438142566828, -43.23087701999999 -22.52760818266834, -43.22705960599996 -22.5295489646684, -43.22563474899994 -22.52883547166842, -43.22452954499995 -22.52652986966832, -43.22540644599996 -22.52493750866827, -43.22238814899998 -22.52156567566824, -43.22480248599992 -22.52128006366819, -43.22659289599994 -22.51623937766812, -43.22879802199996 -22.51774978866813, -43.23159813899997 -22.51438590966804, -43.23356237099994 -22.51657536966809, -43.23672185599997 -22.51555289466806, -43.23671067899993 -22.51345366366803, -43.23781345799994 -22.51372917066807, -43.23852235499993 -22.51152263366799, -43.24182008499996 -22.50939309266797, -43.29539544099998 -22.47550364566715, -43.30191971299996 -22.47388973166708, -43.30018784399994 -22.469127586667, -43.29686585399998 -22.46553702866693, -43.29741577199996 -22.46429575866686, -43.29341839199997 -22.46564808666689, -43.28849842999994 -22.46229746166682, -43.28947394899996 -22.45795361866676, -43.29473398999994 -22.4577427596667, -43.29797347699996 -22.45538102466669, -43.29832543499998 -22.45121414666655, -43.30220709299994 -22.45286088566662, -43.30537276299998 -22.45670434766673, -43.30622047299994 -22.45507153466667, -43.30874897799998 -22.45613926266672, -43.31320844199996 -22.45451418966665, -43.32034650499997 -22.45900622466677, -43.32600512699997 -22.45812274966676, -43.33045946099997 -22.45335814166663, -43.33594747199993 -22.45450430766668, -43.34534667499997 -22.45077853966657, -43.34901980099994 -22.45256688366662, -43.35205446799995 -22.44846509366656, -43.35370787199997 -22.44978625366655, -43.35610142499996 -22.44868328866649, -43.35873209699997 -22.45074413166656, -43.36415950799993 -22.45042809866659, -43.36511513299996 -22.45349342766664, -43.36836174599995 -22.45340862066662, -43.37138208799995 -22.44977524266652, -43.37159728399995 -22.44526044266643, -43.37608914499998 -22.44509975966645, -43.37726564499996 -22.44299726166639, -43.37633089599996 -22.44209544766633, -43.37376099599994 -22.44324655966636, -43.37134069899996 -22.44067223266632, -43.37417500799995 -22.43445391766616, -43.37016804099994 -22.43232664766614, -43.36532677099995 -22.42635295366598, -43.36136727899997 -22.42569142366596, -43.36096452399994 -22.41959357066583, -43.35327482899999 -22.41715002566579, -43.34431972699996 -22.41798968366581, -43.33799252499994 -22.41474513166573, -43.33758989999995 -22.40993015566558, -43.33449329899997 -22.40836201766557, -43.33460546399993 -22.40468769066549, -43.33629497999993 -22.40341939866548, -43.32889919999996 -22.40325190166549, -43.32651143999993 -22.40131669166542, -43.32689616399995 -22.39543296466527, -43.32535371699998 -22.39354981766522, -43.31912621999993 -22.39161844166516, -43.31759817799996 -22.38778540666513, -43.31809739199996 -22.38396389666502, -43.31605209099995 -22.38131658266496, -43.31000830099997 -22.37813702166484, -43.30525336999994 -22.37783631366484, -43.30481093999997 -22.37456797266481, -43.30151686999994 -22.37353119666474, -43.29962719099995 -22.36990058066471, -43.29620269999997 -22.37235891266478, -43.28843046399992 -22.37133163866471, -43.28341315899996 -22.36407234666453)))"
3303955.0,Pinheiral,33,RJ,"MULTIPOLYGON (((-44.02783409799997 -22.50653361366785, -44.03046588999995 -22.50563153166783, -44.03270742199993 -22.50233320166775, -44.03129089099997 -22.49767812466766, -44.02876520399996 -22.49628399366764, -44.02781370899998 -22.49380884966756, -44.02867424799996 -22.4867992906674, -44.02020216399995 -22.48435119466733, -44.00569829999994 -22.49833736766769, -44.00252394099993 -22.50511735366782, -44.00139994399996 -22.511920824668, -43.99264606099995 -22.51740540166811, -43.98140894399995 -22.51497474266805, -43.97523002999997 -22.51662442666812, -43.96296550599993 -22.51679381966807, -43.95858874599997 -22.51915999266817, -43.95393395599995 -22.51963039966815, -43.94672873799992 -22.51827663166811, -43.94367447499996 -22.51511004566809, -43.91348233699995 -22.52078144666818, -43.95471982199995 -22.56848434766934, -43.98440307899995 -22.55238119466895, -43.98876696999996 -22.55646257466903, -43.99273019299994 -22.56306802966919, -43.99248687799996 -22.56446170366921, -43.98500272099993 -22.56871573866935, -43.98213462499996 -22.5721490586694, -43.98166522999998 -22.57849884766952, -43.98496838999994 -22.57734135366951, -43.99871932699993 -22.58287702166962, -44.01472619499997 -22.58632822166974, -44.02285821199995 -22.58091993266962, -44.03867839199994 -22.58222025366961, -44.05541165199998 -22.5858417866697, -44.06852381999994 -22.59241960966984, -44.05415244399995 -22.55033380766889, -44.05316140999997 -22.55228931566891, -44.04715817099998 -22.55355173466895, -44.04418742199993 -22.55175453866892, -44.04134469299998 -22.55193961766894, -44.03827448999993 -22.54895630966883, -44.03862918799996 -22.54111922366868, -44.03187285199994 -22.53819515366859, -44.03553726399996 -22.53109084766846, -44.03370088499997 -22.53061670966843, -44.03447594999993 -22.52930593166839, -44.03213914899993 -22.52664173766836, -44.03091937499993 -22.52077945366817, -44.02891760399995 -22.51966282166817, -44.02925650199995 -22.51041514866795, -44.02783409799997 -22.50653361366785)))"
3304003.0,Piraí,33,RJ,"MULTIPOLYGON (((-43.98166522999998 -22.57849884766952, -43.98213462499996 -22.5721490586694, -43.98500272099993 -22.56871573866935, -43.99248687799996 -22.56446170366921, -43.99273019299994 -22.56306802966919, -43.98570583599997 -22.55316123266899, -43.98440307899995 -22.55238119466895, -43.95471982199995 -22.56848434766934, -43.91348233699995 -22.52078144666818, -43.86863932699998 -22.52860024766834, -43.86487669499996 -22.52736529966834, -43.86537562499996 -22.5252002236683, -43.86332903799996 -22.5252148106683, -43.86058327599994 -22.5217243886682, -43.85807790099993 -22.52109748866821, -43.85680383999993 -22.51773988266813, -43.85388159099994 -22.51718014666808, -43.85505758599993 -22.5071599716679, -43.84922870899993 -22.50727255866788, -43.84451206099993 -22.5036595826678, -43.84463574299997 -22.50099248466773, -43.84028231399997 -22.50990016466791, -43.83700576299997 -22.511046370668, -43.83504767199997 -22.51337208066801, -43.82882413099998 -22.51446056366805, -43.82814944599993 -22.51656356766808, -43.82141442199997 -22.51788094066812, -43.82201604199997 -22.5166710096681, -43.81162754799993 -22.51126253566797, -43.80816404599994 -22.5175743576681, -43.80564012999996 -22.51912872766816, -43.80591006399993 -22.52388364466827, -43.81415594899994 -22.53038326566842, -43.81986937899995 -22.53279357166847, -43.81634023699996 -22.53560926266857, -43.81935003999996 -22.54052750466864, -43.81939214899995 -22.5460156496688, -43.81555470499995 -22.54972785966889, -43.81162390999997 -22.54808571766882, -43.81192130599992 -22.55146051166893, -43.80864150899997 -22.55417985566899, -43.79814243899995 -22.55218894966893, -43.79338986699996 -22.54883933066886, -43.79024955799996 -22.55219856266892, -43.78927989399994 -22.55037711566887, -43.78773250999995 -22.55105955266892, -43.78599377399996 -22.55368849066897, -43.78632125699993 -22.55730803966906, -43.78359782199993 -22.5587445716691, -43.78292003399997 -22.56393421166918, -43.77626602999992 -22.56697674466924, -43.77599053799997 -22.5687162486693, -43.77899893199998 -22.57268123366942, -43.77685405199997 -22.57523100566947, -43.77885827299998 -22.58071613866959, -43.77396428899993 -22.58727698866972, -43.77122873199994 -22.58804668866978, -43.77439147199993 -22.59557350866995, -43.77629319499994 -22.59696839866996, -43.77195087699993 -22.60706515567018, -43.77733595799997 -22.60826134667024, -43.77702241599996 -22.61125521267029, -43.78133679699994 -22.61225112067032, -43.78269391599997 -22.61096265567032, -43.78913908799996 -22.6124520246703, -43.79058556499995 -22.6148899066704, -43.79234830399997 -22.61473446267038, -43.79479907899997 -22.61681914267042, -43.79412493199993 -22.62077072367054, -43.80264644999994 -22.62929729467073, -43.80568394499994 -22.62906524967072, -43.81157206999995 -22.63398238067084, -43.81544790599997 -22.63395757867084, -43.81783741299995 -22.63726423767091, -43.82034173099998 -22.63705978967092, -43.82540445799998 -22.64188895567102, -43.82901519699993 -22.642216491671, -43.84084075199996 -22.64812576967114, -43.83396400099997 -22.65620782467137, -43.82696329599996 -22.65586365067134, -43.82678153199998 -22.65771098867137, -43.82452020999994 -22.65767779567136, -43.82363604799997 -22.66266813167151, -43.81761280399996 -22.66605578667158, -43.81668862699995 -22.67365492667177, -43.81992209999998 -22.67939638667188, -43.81431958199993 -22.68186936967195, -43.81547492899994 -22.68707881667205, -43.81283175499993 -22.68673894367207, -43.80963286999997 -22.68815153167209, -43.80911532499993 -22.69007712867211, -43.80678034399993 -22.6896690516721, -43.80338631199992 -22.69121887267219, -43.79511651999996 -22.68956624667214, -43.79212588799992 -22.69177508167217, -43.79019113099996 -22.69097808167217, -43.78509095299995 -22.69268572167221, -43.79849483099997 -22.70132243967242, -43.80779902199998 -22.71055410067261, -43.81252848199995 -22.71052389467259, -43.81780343199995 -22.71760310367274, -43.83254502699998 -22.72968913567303, -43.83277200599997 -22.73115030267306, -43.83064941299994 -22.73165310967311, -43.83362194999994 -22.7356718076732, -43.83164711099994 -22.74043152767328, -43.83594085599998 -22.7453331406734, -43.83552222299994 -22.75193058467358, -43.83983497499998 -22.75590532867368, -43.83868880999995 -22.75833186867373, -43.83508514199996 -22.7610660806738, -43.83526855699994 -22.76351163167385, -43.83181680099994 -22.76313395967382, -43.82998673299993 -22.76736603267387, -43.82218117499996 -22.76639329667388, -43.81967820799996 -22.76944917967394, -43.81443173899999 -22.76989672067397, -43.81245110199996 -22.771782444674, -43.82014243099996 -22.77711813867412, -43.81958492699993 -22.77810527467413, -43.82237420699992 -22.78223514467428, -43.83015445499995 -22.78790066967438, -43.83247885599997 -22.79319460567448, -43.83775994799998 -22.79586221267458, -43.83810093899996 -22.79801854967461, -43.84242505999997 -22.79853061467465, -43.84944695499996 -22.80187366367474, -43.85864818999993 -22.80279423267471, -43.86220572399997 -22.80579815567477, -43.86986861499997 -22.80695808667482, -43.87378147399994 -22.80912904067488, -43.87305576599993 -22.80556338067479, -43.87644103499996 -22.79936383967465, -43.87873590299994 -22.7977122746746, -43.88278434099993 -22.79799259267461, -43.88512361999994 -22.79455088167454, -43.88803141999994 -22.79566220267457, -43.88811223199996 -22.79381199967452, -43.89170537499995 -22.78957594867441, -43.89052902999998 -22.78750220067436, -43.89200406299994 -22.78346217167426, -43.89106146099993 -22.78151042667425, -43.89495120199996 -22.7808024406742, -43.89652193699993 -22.77639992767411, -43.88816016099997 -22.7743690866741, -43.89040977999997 -22.77281870667404, -43.89223600299993 -22.76622394267388, -43.88636434899996 -22.7632315976738, -43.88874094899995 -22.75897400067372, -43.88500067799998 -22.75832058167371, -43.88514116199997 -22.75722330067368, -43.88911455599997 -22.75399688067359, -43.89503505099998 -22.75676327567369, -43.90018047399997 -22.75228370367353, -43.90354741299995 -22.75354748867361, -43.90407257499993 -22.74841780267345, -43.90182415299994 -22.74891603067351, -43.90320448699998 -22.74431155367335, -43.90134556199997 -22.74275831067332, -43.89778374999997 -22.74387767367335, -43.89921911299995 -22.73808640167326, -43.89873701499993 -22.73264732067313, -43.89433079099995 -22.7327662246731, -43.89235618299994 -22.73543024367316, -43.88492484099999 -22.73129819467309, -43.88447535299996 -22.72848076467304, -43.87990416599995 -22.72741136067299, -43.88079241099995 -22.71740927667275, -43.87922524399994 -22.71422616967269, -43.88405740999997 -22.7097259696726, -43.88121684999992 -22.70272226167243, -43.88338645499993 -22.70148114167236, -43.89119275399997 -22.70398039167246, -43.89432102999995 -22.70949916267256, -43.89820400299993 -22.71171842767262, -43.90332904299998 -22.70901603167258, -43.90871990299996 -22.71055958567258, -43.91255554799994 -22.71389673767269, -43.91493980499996 -22.71071760567261, -43.91309955599996 -22.70684728667253, -43.91594977999995 -22.70611858467252, -43.91936311299997 -22.6988609826723, -43.92354918499995 -22.69879785667232, -43.92447815399998 -22.70380782667243, -43.93013235899997 -22.70673651767252, -43.93150841299996 -22.70921605067257, -43.93754687399996 -22.7111991906726, -43.94413783599997 -22.71060459567259, -43.94656934899995 -22.70753467667254, -43.94769373399998 -22.70248691967243, -43.94294102399994 -22.69645697967227, -43.94812678199997 -22.69138843767215, -43.94847882699997 -22.68854276767208, -43.95221852099995 -22.685785991672, -43.95441394799995 -22.68436453867198, -43.95653692299993 -22.686211707672, -43.95821922599998 -22.685271268672, -43.95754679399993 -22.68058087067191, -43.95954483599996 -22.67677824767183, -43.96103685799994 -22.66263854067147, -43.96415231299993 -22.66166616267147, -43.96711447699994 -22.6635011036715, -43.97020450799993 -22.66135418167148, -43.97528832199998 -22.66677358967157, -43.98079106199997 -22.66932719667168, -43.98283114099997 -22.66943325767168, -43.98305383399997 -22.66717142967159, -43.98437727699995 -22.66676796667158, -43.98972475699997 -22.66902441167163, -43.99163342499997 -22.66598548767154, -43.99639640899994 -22.66368631867153, -43.99680865299995 -22.65999705967144, -43.99865113199996 -22.65975851667142, -43.99923271899996 -22.6581624666714, -44.00321985899995 -22.6584592016714, -44.00379789199997 -22.65181694267128, -44.00667552699997 -22.65160290367126, -44.00819150199994 -22.6488568376712, -44.01134770099997 -22.6499200596712, -44.01305064899998 -22.64865461767118, -44.01669401899994 -22.640588211671, -44.02146953499992 -22.64103720667099, -44.02155315999993 -22.64328840667104, -44.02304701299994 -22.64430378067109, -44.02701032999994 -22.64011159067096, -44.03304689099996 -22.63979222667096, -44.03592839799995 -22.64169193667103, -44.04867561299994 -22.64018837467097, -44.05304923099994 -22.642364122671, -44.05491406399994 -22.64651532467111, -44.06482395499994 -22.65011573267121, -44.07090405299993 -22.65546970367132, -44.07145798799996 -22.65951141767144, -44.07360629199996 -22.66176398167149, -44.07961380599994 -22.66526713767155, -44.08053698999997 -22.66753655267159, -44.07796116599996 -22.66998221967167, -44.07998663299997 -22.67503042567176, -44.07782942699998 -22.67642261967179, -44.07898241399993 -22.67863530967187, -44.07525154999995 -22.67996233767189, -44.07573688499996 -22.68372536267198, -44.07696271999998 -22.68390017067199, -44.07687192999997 -22.68176619767191, -44.07897790799995 -22.68141698567193, -44.07928782499993 -22.6796817206719, -44.08167671999995 -22.67821191267184, -44.08335190499997 -22.67308442067173, -44.08477896599992 -22.67242420867168, -44.08559411499994 -22.66606892067155, -44.08273462599994 -22.66043491067142, -44.08497851999993 -22.65911532667142, -44.08568271999996 -22.65613375967135, -44.08514978999995 -22.65258355267126, -44.07824334599996 -22.64748357267112, -44.08630154399997 -22.64059163467099, -44.06852381999994 -22.59241960966984, -44.05541165199998 -22.5858417866697, -44.03867839199994 -22.58222025366961, -44.02285821199995 -22.58091993266962, -44.01472619499997 -22.58632822166974, -43.99871932699993 -22.58287702166962, -43.98496838999994 -22.57734135366951, -43.98166522999998 -22.57849884766952)))"
3304102.0,Porciúncula,33,RJ,"MULTIPOLYGON (((-41.93124533499998 -20.84760252162815, -41.92673609599995 -20.83797980862789, -41.92959947599996 -20.83219690262779, -41.93302430299996 -20.83104593562776, -41.93562099599995 -20.82770532662766, -41.93247689199995 -20.82571218862762, -41.93077851499992 -20.81303401262728, -41.92888363099996 -20.81158828662727, -41.92995037999997 -20.80876701562719, -41.92607848399996 -20.80200722662703, -41.92860992599998 -20.79414482862683, -41.92300247299993 -20.79251312462682, -41.91944554799993 -20.79365450362683, -41.91608263799998 -20.7925271606268, -41.90630947099993 -20.79724215662694, -41.90120191099993 -20.79624880462689, -41.89664253399996 -20.78845666962672, -41.89407391399993 -20.78879353762671, -41.89018589299997 -20.78550907262665, -41.88539955699996 -20.78578979562664, -41.88472581999996 -20.78340364562658, -41.87894291599996 -20.77874363462647, -41.87963068799996 -20.77321338262631, -41.87338212399992 -20.77088142462628, -41.87473820099995 -20.76593425462612, -41.87071701899998 -20.76614059662617, -41.86829469499997 -20.76395142562611, -41.86402235399999 -20.76534163162613, -41.86042816399998 -20.76322806662608, -41.85747821499994 -20.76691267762613, -41.85674355299994 -20.76347672162609, -41.85216604599997 -20.76375928362609, -41.84818756999993 -20.77437231862636, -41.84522631899994 -20.77470009062636, -41.84573492999994 -20.77610159962639, -41.84258153699995 -20.77915327062646, -41.84036624899993 -20.77770655262642, -41.83872738799993 -20.7804191496265, -41.83668163799996 -20.7806565016265, -41.83678336099996 -20.78211452262656, -41.83575483399994 -20.78027221762647, -41.83479412299994 -20.78201280062655, -41.83244320599994 -20.78187717062656, -41.82844212499998 -20.78685026462667, -41.82438453199995 -20.78829698262671, -41.82620423299994 -20.78920118162673, -41.82882640999997 -20.79434381362684, -41.82789960599996 -20.79711292262689, -41.82270046199994 -20.79718073762691, -41.81680056399994 -20.80130614562701, -41.81295771799994 -20.79906825362697, -41.80579194099994 -20.79751981262693, -41.81270906299994 -20.80300151862708, -41.81391842899995 -20.80545415862712, -41.81162402399996 -20.80328408062707, -41.80361056099996 -20.80569151062714, -41.79916868399994 -20.80531852862708, -41.79387911999998 -20.79801712162689, -41.78996845899997 -20.79999505662696, -41.78515359999993 -20.799972452627, -41.78168373599993 -20.79761023262691, -41.77515602099992 -20.799869965627, -41.77865776599997 -20.80257906662704, -41.77854864899997 -20.80565534162715, -41.78182405799998 -20.8048466236271, -41.78434489199998 -20.80850686362718, -41.78589422399994 -20.80868372562721, -41.78625236999994 -20.81058528962723, -41.79056995699994 -20.80959242562721, -41.79729404999995 -20.81522922662733, -41.79956372899994 -20.81538463962734, -41.81127254099993 -20.83026325362771, -41.81514350099997 -20.83321474562781, -41.81825673599995 -20.83298077662779, -41.82165191199993 -20.83760855162792, -41.82495406299995 -20.83866894862796, -41.82949071599995 -20.84469599162811, -41.83299012399993 -20.84477839062806, -41.83359446399992 -20.84684446462814, -41.83796420199997 -20.84951792362821, -41.84010088399997 -20.84856699362819, -41.84413592699996 -20.85153569162827, -41.84647861799994 -20.85152690062825, -41.85099693799997 -20.85640153362834, -41.85791228599993 -20.85526699762832, -41.86095500899994 -20.86376833462853, -41.86470907699992 -20.86210440862849, -41.86840961699994 -20.86246555162851, -41.87169851999993 -20.85984310562847, -41.87702415299997 -20.86089916662849, -41.87959843999994 -20.85716134662836, -41.88536297499996 -20.85983147862843, -41.88570749399997 -20.85738736562841, -41.89946585999996 -20.85583747962835, -41.90494239999999 -20.85849551362846, -41.90603392299994 -20.86011454362846, -41.90282535999995 -20.86188885662851, -41.89631053699997 -20.87186510162876, -41.89617492199994 -20.87499630662884, -41.90172581199993 -20.87635289362884, -41.90473601899998 -20.87854817462889, -41.90506856599995 -20.88972258662918, -41.90222680699998 -20.89316331662928, -41.90151045599998 -20.89718005462934, -41.91510169399993 -20.91991427162995, -41.91182199799993 -20.92890566863016, -41.93084979199995 -20.93807601363035, -41.93198172799998 -20.94038817363044, -41.93085334099992 -20.94349022563051, -41.93524631199995 -20.94444432863054, -41.93590613199996 -20.94571688363055, -41.94005314299993 -20.94332147363053, -41.94061079899996 -20.94039263863041, -41.94263027399995 -20.93895727763037, -41.94826560499995 -20.93864176963039, -41.95020843899993 -20.94143794063045, -41.94917016299996 -20.94451539263056, -41.95205058099997 -20.95000248263065, -41.95052122699996 -20.95451307163077, -41.95295516299996 -20.95751908663082, -41.97946753699994 -20.96020571163092, -41.97969196599995 -20.95827071863085, -41.98341359699998 -20.95716019663084, -41.99112611799995 -20.96001987263092, -41.99246617999994 -20.96433545563102, -41.99882466999998 -20.96591819663105, -41.99851103499999 -20.97032771063114, -42.00171700599998 -20.97384672263127, -42.00037970399995 -20.9753673856313, -42.00027719099995 -20.98062426663142, -42.00292929799997 -20.99107417063166, -42.00011041799996 -20.99583918263177, -42.00111905399995 -20.99976889963187, -42.00008446999993 -21.00228696263198, -42.00138286699996 -21.00412957763199, -41.99979180399998 -21.00776279863205, -42.00380033399994 -21.01333515863224, -42.00330329999996 -21.0101974806321, -42.00626169699996 -21.00932593463212, -42.00597242499998 -21.01235323463217, -42.00946990399996 -21.01134610163218, -42.01338197399997 -21.01572049263228, -42.01874112699993 -21.01340731163225, -42.02193237199998 -21.01680615263231, -42.02614999199994 -21.01565240763228, -42.04085912499994 -21.01857555163237, -42.04288706399996 -21.02014406363242, -42.04634836699994 -21.01943393363237, -42.05163636999999 -21.0236820366325, -42.05870410999994 -21.02132956563243, -42.06238534199996 -21.02187468263245, -42.07054274699993 -21.02877929663261, -42.07520221399994 -21.02359235863249, -42.08195920699995 -21.02384107763245, -42.09088189099998 -21.0215674206324, -42.09913861199993 -21.01739388163233, -42.10203186199993 -21.01405876963226, -42.10770325999993 -21.01441532163224, -42.11402310299996 -21.01215021563219, -42.11578155599994 -21.00992320563212, -42.11564415099996 -21.00396019463198, -42.11707427699996 -21.00160294663192, -42.12008778299997 -21.00012130663192, -42.12317662599997 -21.0005231066319, -42.12651659499993 -21.003812850632, -42.12892739899997 -20.99891590363185, -42.14136326799996 -20.99264092463171, -42.13957305099996 -20.98964312663166, -42.14019826499998 -20.98774229963156, -42.14718828099995 -20.98379813363148, -42.15125877199994 -20.97759414363134, -42.15094997699997 -20.97402895563125, -42.14599676099993 -20.96624482963106, -42.13803669399993 -20.96004892463093, -42.12686747799995 -20.95605672963082, -42.12473039899992 -20.95623108463084, -42.12108099299996 -20.9604700096309, -42.11529808899996 -20.95901024763091, -42.11431555599995 -20.95025167363068, -42.11117145299993 -20.95019552863066, -42.10609035699996 -20.94480563763054, -42.10128998499993 -20.94351430863052, -42.09590009299995 -20.93613128063029, -42.09296453099995 -20.9357553366303, -42.08966699199993 -20.9388762516304, -42.08632742099996 -20.9396683966304, -42.07405980299995 -20.93646814863033, -42.06586267599993 -20.93899466063038, -42.05710730199996 -20.93697830063036, -42.05201663799993 -20.9343440206303, -42.04778408099996 -20.93472766263028, -42.03765437099997 -20.92698470763012, -42.02796388199994 -20.92790648663011, -42.02305954999997 -20.92512933363006, -42.01724525699996 -20.92906461763013, -42.00835836899994 -20.92898189463014, -42.00394030399996 -20.93189139763023, -41.99867642299996 -20.92647501563008, -41.99330265899993 -20.93047092063018, -41.98946412099996 -20.92968201563018, -41.98651931699992 -20.93255083063024, -41.97615226799996 -20.93579244163029, -41.97721881099994 -20.92619292663008, -41.97981869899996 -20.92288397763001, -41.97775320299995 -20.92030362262993, -41.97470164799994 -20.92013045962994, -41.97297626799996 -20.91653788862984, -41.96960823299997 -20.91802691462987, -41.96668926799997 -20.91695150662988, -41.96372303299995 -20.90654013962959, -41.96411117799994 -20.90280716862954, -41.96730984299995 -20.89857272162938, -41.96481065599993 -20.89701294662937, -41.96388896999996 -20.89252858962923, -41.95986545599992 -20.89017120062917, -41.96047232399997 -20.88331888362902, -41.95308199899995 -20.87846014062893, -41.94975542499998 -20.87297199562877, -41.95437639399994 -20.86526769462857, -41.95035898099997 -20.86179919962851, -41.95005018499995 -20.8582340106284, -41.93703864999998 -20.85611454762835, -41.93187991799994 -20.8501066916282, -41.93124533499998 -20.84760252162815)))"
3304110.0,Porto Real,33,RJ,"MULTIPOLYGON (((-44.33717149099994 -22.41485803566572, -44.32855734799995 -22.41555985066575, -44.32483934299996 -22.41411434266572, -44.31159866099994 -22.39873242366535, -44.30934117999992 -22.39763197566534, -44.28721838799998 -22.40266844966548, -44.27693609299995 -22.40362226966551, -44.27404193899996 -22.4059415156655, -44.27860655999996 -22.42070025666589, -44.29234468999994 -22.43268782766613, -44.30028362799993 -22.4442851396664, -44.30102751099997 -22.44940871366655, -44.30783947699995 -22.45302902466659, -44.31091499699994 -22.45296372466665, -44.31358079299996 -22.46278988166684, -44.31835856499998 -22.46899539866698, -44.32040201899996 -22.46975912166705, -44.32401274499995 -22.46717335266698, -44.32716251299996 -22.46829938166698, -44.33327496399993 -22.46717479266698, -44.33932511499994 -22.47257055066707, -44.33437921099993 -22.47420657266712, -44.33253133499994 -22.47614335566719, -44.33464967499997 -22.48032787666725, -44.32982872099995 -22.48587387766741, -44.32990561999996 -22.49185147666755, -44.33338272599995 -22.49401143466758, -44.34215049399995 -22.48978624466747, -44.34364267099993 -22.4912376786675, -44.35147813999998 -22.4914226566675, -44.35794198499996 -22.48370162766734, -44.35892563899995 -22.47833653566724, -44.36289220599996 -22.47652885366716, -44.36141883199996 -22.47566819166716, -44.36423040199998 -22.4742697256671, -44.36285660399994 -22.47042343666704, -44.36465379199996 -22.46703135766694, -44.36719676699993 -22.46522507466688, -44.36925231799994 -22.4654802926669, -44.37017098199994 -22.46199776566685, -44.37336142699995 -22.46102168866682, -44.36919083199995 -22.45262506166658, -44.35720957399995 -22.44660675466647, -44.35426294899997 -22.4434314446664, -44.35049743599996 -22.43457025766619, -44.35154633799993 -22.43272012266617, -44.35145368699995 -22.41382607466567, -44.33717149099994 -22.41485803566572)))"
3304128.0,Quatis,33,RJ,"MULTIPOLYGON (((-44.27504673799995 -22.40440215166548, -44.28827550199997 -22.40245571666545, -44.29708879199995 -22.3996225956654, -44.30299060399995 -22.39951389866536, -44.30778817499998 -22.39754821866531, -44.31118775899995 -22.39830085666532, -44.31367603799998 -22.40211998566543, -44.31904971699998 -22.40231401466544, -44.31989127499997 -22.4002201526654, -44.32146143799996 -22.40012846966541, -44.32129675599998 -22.39816742166537, -44.32901417599994 -22.39666310566532, -44.33185888699995 -22.39195941566521, -44.33557762599996 -22.38903082066514, -44.33616630499995 -22.38753754466509, -44.33420080799993 -22.38753398566507, -44.33475980599996 -22.38620127566506, -44.33306832399995 -22.38500012066507, -44.33593435299998 -22.38381761666499, -44.33672785799996 -22.38113314566497, -44.33938886999994 -22.38197717966495, -44.34236444199996 -22.37837305666485, -44.33946751899998 -22.37595040466484, -44.34258231799998 -22.36981029366466, -44.33934946799996 -22.36758046266463, -44.34082953699993 -22.36579356066456, -44.34111479999995 -22.36004475466445, -44.33565671099996 -22.3574252606644, -44.33296473799993 -22.35872786366443, -44.33133052699998 -22.35596201966436, -44.33369915699995 -22.35131670066421, -44.33062877999998 -22.34709173566413, -44.33381276399995 -22.34348075166406, -44.33198450699995 -22.34104724766399, -44.33079050299994 -22.33408301966383, -44.32818466999998 -22.33194248566379, -44.32565542399993 -22.3321119236638, -44.32061553799996 -22.33575840166388, -44.31917530899995 -22.33552873566389, -44.31402765999995 -22.3319584596638, -44.30902317999993 -22.33109986766379, -44.30843690999995 -22.32937525166372, -44.30056025299996 -22.32790693166371, -44.29245007099996 -22.3193060826635, -44.28475927199997 -22.31939571366349, -44.27877539599994 -22.32121096866354, -44.27262718299994 -22.32026317566354, -44.27140695499997 -22.31662132666344, -44.27241127899998 -22.31085714966331, -44.26781011699995 -22.31144593766333, -44.26638549199998 -22.30997274566331, -44.26314389999992 -22.30973973566325, -44.25766261599993 -22.30420168466315, -44.25068201199996 -22.31323538466335, -44.24578067299996 -22.31432165866342, -44.24332588099996 -22.31710875466344, -44.23858385799996 -22.31828486266344, -44.23474856999997 -22.31542538666342, -44.24725310899998 -22.30970288166328, -44.26017866199992 -22.30115483366306, -44.25729463199997 -22.29875377166302, -44.25640099299994 -22.29168019666286, -44.25774599199997 -22.2849111306627, -44.25945542799997 -22.28344430366267, -44.25755163999997 -22.28174966266264, -44.25828671899995 -22.27346676866241, -44.26024637699992 -22.27287618366238, -44.25855483499998 -22.27154870766237, -44.26032805399995 -22.2694710396623, -44.25038105999993 -22.26050478066211, -44.24842231699995 -22.26108412666214, -44.24814643799993 -22.26267043266215, -44.24614631399993 -22.26258766866219, -44.24696705399997 -22.26752590666228, -44.24275299899995 -22.26756728866227, -44.23920105399997 -22.26276699066215, -44.23524218699999 -22.26639480266228, -44.23273858299996 -22.26271181466215, -44.22765014199996 -22.26022277766211, -44.22366905299997 -22.25993922866209, -44.22402079899996 -22.25635969566203, -44.22162754799996 -22.25543549866198, -44.22437254499994 -22.25329053866191, -44.21590305299998 -22.24960755166186, -44.21310977599995 -22.24605560666179, -44.20969576999995 -22.24731775366179, -44.20830257999994 -22.25093866866187, -44.20348159099996 -22.24860748866181, -44.20124007199995 -22.25120075366193, -44.19821166799994 -22.24523370466173, -44.19537801299997 -22.24508468166178, -44.19136566999998 -22.24065467066168, -44.18665348799993 -22.24122678266165, -44.18294634199998 -22.23881786466158, -44.17968853599995 -22.24338354166173, -44.17802234299995 -22.24177889466167, -44.17361799999998 -22.24205877266168, -44.17152569199992 -22.24494462966176, -44.16812688399995 -22.24659034566178, -44.16457260199996 -22.25174256766191, -44.15986276699993 -22.25014637866188, -44.15720477699995 -22.25090269666191, -44.15578606199994 -22.257117667662, -44.15878059899995 -22.25844971066208, -44.15922691399992 -22.26150890866212, -44.16317208499998 -22.26537856466221, -44.16912203099997 -22.2680715536623, -44.16774961199996 -22.2688837066623, -44.16718973199993 -22.27279080766242, -44.16124578899996 -22.27171583566237, -44.15788700299998 -22.27441973366243, -44.15400498499997 -22.27475258766247, -44.15192886799996 -22.27963269766255, -44.14706444399996 -22.28035004966256, -44.14653690999995 -22.28263461566263, -44.14919935799997 -22.28434742666267, -44.15077858099993 -22.28815912466277, -44.14935293099994 -22.29003359566281, -44.15093682599996 -22.29341773366288, -44.14819203799993 -22.29451102366288, -44.14830870699996 -22.29672096566296, -44.14536143299994 -22.29919873566302, -44.14582408899997 -22.30240049466312, -44.14871688499993 -22.30686589166323, -44.15755962299995 -22.31153710366333, -44.15809529499994 -22.31352621966339, -44.15438300599993 -22.31538408766337, -44.15513513899997 -22.31679840666345, -44.15389611899997 -22.31981206366353, -44.14945568299999 -22.31893889366347, -44.14811983599998 -22.32004192266353, -44.14574006099996 -22.32920076666369, -44.14808234499997 -22.33138259966376, -44.15246822599994 -22.33106001666379, -44.15730695399998 -22.32634147866367, -44.16264754499996 -22.32689869666367, -44.16382250899995 -22.3247351066636, -44.16956375499995 -22.32749069566368, -44.16975743799998 -22.32894488966373, -44.16963498699994 -22.33145557166375, -44.16336479099994 -22.34355120666407, -44.16388402199993 -22.34558822666413, -44.16007842799996 -22.35612547766436, -44.16094948399996 -22.35967552666442, -44.15922059999996 -22.36060386366444, -44.15515761499995 -22.37384919066476, -44.15808469799997 -22.37605237666482, -44.16109042799996 -22.37455931666475, -44.16640233399993 -22.37680414066483, -44.17054315899997 -22.37499047766482, -44.17328203399995 -22.37630922966482, -44.17517751699994 -22.3755991636648, -44.17874147099997 -22.37836549166489, -44.18105220199993 -22.37774776666487, -44.18286167499996 -22.38041269866489, -44.18593777899996 -22.38132440866494, -44.18951193499998 -22.38031508466493, -44.18967279199994 -22.38202548966494, -44.19156912299995 -22.38165383966496, -44.19203801899993 -22.38289586166498, -44.20274622599993 -22.38377470266504, -44.20814240799996 -22.38729765066508, -44.20634657599992 -22.38898610766512, -44.20464323699997 -22.38876848966514, -44.20663567399998 -22.3914021956652, -44.20473166999994 -22.39352208366522, -44.20804336199995 -22.39730037766534, -44.20677343399996 -22.40060703366542, -44.20944788499997 -22.4011181766654, -44.20867364699994 -22.40273476466544, -44.21187030599997 -22.40372342266545, -44.21100102399998 -22.4095387906656, -44.21371354399996 -22.40961310066559, -44.21424767399996 -22.41235203366564, -44.21221146899995 -22.41640047466575, -44.21102188999998 -22.41643035466576, -44.21289717399997 -22.41790137066582, -44.21151887699995 -22.41955522166583, -44.21288115699996 -22.42154477566589, -44.21661451999994 -22.4226747556659, -44.21557427899995 -22.42547129866595, -44.21875637399995 -22.42952317966607, -44.21727033199993 -22.43168423166613, -44.22081714699993 -22.43456524766619, -44.22208491399993 -22.43400133966617, -44.22229281599993 -22.43691945166623, -44.22053998599995 -22.43760261166624, -44.21989457899997 -22.44206576466634, -44.22396216799995 -22.44386669266643, -44.22110946199995 -22.44613232366648, -44.22234661699996 -22.4490987426665, -44.21961453299996 -22.45220431866659, -44.22049003099993 -22.45429418466663, -44.22234433399995 -22.45353559566662, -44.22344280399993 -22.45497102766665, -44.22609507299995 -22.45487299066667, -44.22497900299992 -22.45568642766667, -44.22559102199994 -22.45878611066674, -44.22307846599994 -22.45868375766677, -44.22386485399993 -22.46028767566681, -44.22239686599993 -22.46391344166687, -44.21760214799997 -22.4633527266669, -44.21948096199996 -22.46668092766695, -44.21842428599995 -22.467491254667, -44.22363341899995 -22.47157908266706, -44.22164467899995 -22.47309804866707, -44.22524581099998 -22.47442741166712, -44.22326294399993 -22.47503618166713, -44.22165517699995 -22.47964533866724, -44.22319529399993 -22.47988374866725, -44.22565924999997 -22.47738319566719, -44.23094600599995 -22.47696823166716, -44.23380379399998 -22.47914447466724, -44.23421886199997 -22.48413577966731, -44.23926631199998 -22.48354364666731, -44.24219124099995 -22.48635895366741, -44.25282732999994 -22.48515326966739, -44.25462667999994 -22.48404792266735, -44.25549106399995 -22.48075901366726, -44.25904448699998 -22.47984340766727, -44.25959748299993 -22.4743517606671, -44.26496680099996 -22.47413834066712, -44.26830319699997 -22.47029042466698, -44.27262560899992 -22.47033297366701, -44.27947590199994 -22.4644660866669, -44.28580790599994 -22.46146780566678, -44.29348348499995 -22.45156137566662, -44.30080342699994 -22.44980152466653, -44.30028362799993 -22.4442851396664, -44.29234468999994 -22.43268782766613, -44.27860655999996 -22.42070025666589, -44.27429509299997 -22.40977438166564, -44.27504673799995 -22.40440215166548)))"
3304144.0,Queimados,33,RJ,"MULTIPOLYGON (((-43.61112131099998 -22.69601606667229, -43.60989582799992 -22.69253663667217, -43.60367834899994 -22.69277426467222, -43.59679510099993 -22.68569351567204, -43.58587196299992 -22.69307661667217, -43.57664638999995 -22.69203059967218, -43.57235359499997 -22.6893200296721, -43.55983468099997 -22.69070423167212, -43.55600900299999 -22.68938468867212, -43.55543800099996 -22.67974045867192, -43.55152298999997 -22.67942609767189, -43.54826903399993 -22.68152939367191, -43.54478477999992 -22.67994687367188, -43.54235881299996 -22.6804505266719, -43.53382396499995 -22.68893972667208, -43.52248708499996 -22.69172397467217, -43.51218600299995 -22.69168583167217, -43.51361348799997 -22.69177273167216, -43.51423246699993 -22.69414634067223, -43.52109071099994 -22.69427894967224, -43.52480234699993 -22.69840517967231, -43.53604604899994 -22.70394611467246, -43.53559318199995 -22.70899073567254, -43.54252830099995 -22.71488181267268, -43.53791214399995 -22.71762197867277, -43.54121031999994 -22.72228738267285, -43.53830747199999 -22.72744078167295, -43.54115271899996 -22.73007411767306, -43.54220474399995 -22.73613059267316, -43.53228043799993 -22.73868649767324, -43.53541811999997 -22.75175284367356, -43.53781759399993 -22.75256948867356, -43.54036238599997 -22.75078957167349, -43.54884496199998 -22.75505285167362, -43.55565808199998 -22.75497869467359, -43.55971230599993 -22.75790184867369, -43.56601157799997 -22.75610352067365, -43.56978362199993 -22.75273536567359, -43.57573207099994 -22.75497574767361, -43.58036339799997 -22.75402010167363, -43.59225089999995 -22.75452874967363, -43.59847780999996 -22.75248922367355, -43.60107365199995 -22.74829622767347, -43.61067308799993 -22.74760929067347, -43.61480834399998 -22.75045737467351, -43.61698694399996 -22.76343535667381, -43.62724767799994 -22.77249835767403, -43.62378337799998 -22.78247112267425, -43.63479799799995 -22.78331116867429, -43.63529419299993 -22.78050131767422, -43.63234311899998 -22.77486533367412, -43.63715802999996 -22.76612086667385, -43.63701158899994 -22.76262550867378, -43.64264715799993 -22.75511649067364, -43.64304971499995 -22.74898681267348, -43.64479273399996 -22.7454562896734, -43.64474986099997 -22.7369546596732, -43.64163617299992 -22.73269722067315, -43.63870966999996 -22.72036194967281, -43.62842035899996 -22.72257531467291, -43.62868349299998 -22.7192905316728, -43.61846538799995 -22.7087746746726, -43.61793916799997 -22.70445933567248, -43.61205441999993 -22.69868649767234, -43.61112131099998 -22.69601606667229)))"
3304151.0,Quissamã,33,RJ,"MULTIPOLYGON (((-41.59111763599997 -22.1329633416591, -41.69368481799994 -22.10830992665852, -41.67531822999996 -22.07615203265781, -41.66884506099996 -22.07203567765769, -41.66752430399998 -22.06961175165763, -41.66824981899997 -22.0675236526576, -41.66249810999994 -22.0684828126576, -41.66243873599995 -22.06110544365743, -41.65969971899995 -22.0558275436573, -41.64771025199996 -22.05152767065716, -41.62963624599995 -22.05005646765714, -41.61746194299996 -22.04593059165705, -41.60570087399997 -22.0482038116571, -41.59383007899993 -22.04728490465711, -41.58074502599992 -22.05142093565718, -41.57356912699998 -22.0510267906572, -41.55126670499993 -22.05545321065727, -41.54632337499992 -22.05499549565727, -41.53954918199997 -22.05001554765713, -41.52319592499997 -22.0223699856565, -41.51798887499995 -22.0171744776564, -41.43762890399994 -21.98658534265566, -41.27767197399994 -22.06532378865752, -41.27103039799993 -22.07901933865787, -41.25729850999993 -22.09895790165831, -41.25340759299996 -22.09917034365834, -41.25011004699996 -22.0975692906583, -41.24339608899994 -22.09926902765831, -41.22879872499993 -22.09548268565824, -41.22377829499992 -22.0976970656583, -41.21957419999995 -22.09646599465827, -41.21739174799995 -22.09862715465827, -41.21500232599993 -22.09667830165823, -41.20881397799996 -22.09739642265829, -41.20737454299995 -22.09623959065826, -41.20667889799994 -22.09807414765831, -41.20604206399997 -22.09656342365825, -41.20346352199993 -22.09612615465823, -41.20250348099995 -22.09783486765829, -41.20336051899994 -22.10043034765831, -41.20128769999997 -22.10362616565844, -41.19974544299998 -22.10369371865839, -41.19883012499997 -22.10166787165837, -41.19480815099995 -22.10431330165842, -41.19111503599999 -22.10332330465842, -41.19336807799993 -22.10006802165834, -41.19273327799993 -22.0971135446583, -41.19041247999996 -22.09818806165833, -41.18909851299997 -22.10168734665836, -41.18903923799996 -22.09899548465831, -41.18721322199996 -22.10036482965834, -41.18559625099992 -22.09841203665832, -41.17911356099994 -22.09986511565832, -41.17625731399993 -22.09582833665823, -41.17502976399993 -22.09747834965828, -41.16677048499997 -22.09783516465827, -41.16668058199997 -22.09955553965832, -41.16014577299996 -22.10185656265839, -41.15956424199992 -22.10017386965834, -41.16117347899995 -22.09774749365826, -41.15791185499995 -22.09343506965817, -41.15568495499997 -22.09668180065824, -41.15138630899997 -22.09508130665822, -41.15294477199994 -22.0978144316583, -41.15201392699998 -22.0991522806583, -41.14880517399996 -22.09854599565827, -41.14826216399996 -22.09527628565823, -41.14471942699998 -22.09920234565835, -41.14436652799997 -22.09679879665828, -41.14134749299996 -22.09451148065819, -41.14389146799994 -22.09226642465814, -41.14265134399995 -22.08963383265808, -41.13517137899998 -22.09349816265819, -41.13286251999994 -22.0970065096583, -41.13415870099993 -22.09671570965827, -41.16636618899997 -22.11531235965872, -41.19234809199997 -22.12748887465895, -41.21580466599993 -22.13742997565923, -41.24323996799995 -22.14694382965943, -41.27655753399994 -22.1571138126597, -41.35678443199998 -22.17700555166019, -41.45134314699992 -22.20238091866075, -41.50032004499997 -22.2175767646611, -41.54240802599997 -22.23460689866154, -41.54311569399994 -22.2330899436615, -41.53913791899998 -22.22920075666138, -41.54191567799995 -22.22615908166128, -41.54634548299998 -22.22532897966132, -41.54689281299994 -22.21996062966117, -41.55354274199993 -22.20282803666077, -41.54864415999997 -22.19981485266071, -41.54010413899992 -22.19798759566066, -41.53885046199997 -22.18985580066047, -41.54215221199996 -22.18912085666042, -41.54787868299996 -22.18287960866027, -41.54746938899996 -22.17876611066021, -41.55101386599994 -22.17548296266008, -41.54999466299994 -22.16976356465995, -41.55170998199998 -22.16432021765986, -41.55752029899998 -22.15436486465961, -41.56372170699996 -22.14958431565952, -41.56889607199997 -22.14862165165946, -41.56890796299996 -22.14581786065943, -41.57372857999995 -22.13859693165925, -41.59111763599997 -22.1329633416591)))"
3304201.0,Resende,33,RJ,"MULTIPOLYGON (((-44.48040149199993 -22.44970870766655, -44.48710492199995 -22.4438974826664, -44.48698223999997 -22.43597099266622, -44.59686685999998 -22.39823777466534, -44.59904919799992 -22.39854043466538, -44.60286503399993 -22.39278690966518, -44.60738585099994 -22.39233213366521, -44.62633346499995 -22.37276254466475, -44.61629737799996 -22.37626594466483, -44.61422461099994 -22.37952055166487, -44.61142952499995 -22.38098620066492, -44.60568291499992 -22.37715723066485, -44.60134062199994 -22.37205340966472, -44.59371472399994 -22.36933420666468, -44.58846946999996 -22.36221048466448, -44.58470409399996 -22.36039865266446, -44.57919826599994 -22.36168010266453, -44.57846022099994 -22.35920227866443, -44.57581609099997 -22.35736498366439, -44.56590073199992 -22.36545811566459, -44.56425199999995 -22.36443166066456, -44.56292996599995 -22.36621601366456, -44.56091886699994 -22.36470851466458, -44.55949026399998 -22.36591572166458, -44.55589342799994 -22.36511012366459, -44.55392627999998 -22.36096859966444, -44.54906936099997 -22.35715964466441, -44.55057570399998 -22.3441186956641, -44.54845536599998 -22.33781740466392, -44.54628239399994 -22.33703464066392, -44.54401093399996 -22.33807149766391, -44.54153663299996 -22.3361520496639, -44.54374647599996 -22.33233077566378, -44.53885556399996 -22.32961624366375, -44.53257930299996 -22.33070408966375, -44.53022930799994 -22.32318891166355, -44.52475767899995 -22.32040282566354, -44.52339155999994 -22.31830157866345, -44.52078399699996 -22.3186230256635, -44.51714869399994 -22.31592277666343, -44.51357547599996 -22.30862857466323, -44.51167400999997 -22.30943434466327, -44.51104144299995 -22.30790187566324, -44.50619645899996 -22.30563948266317, -44.50278230099997 -22.30699067766319, -44.50141173999997 -22.30523982266319, -44.49685575099993 -22.30374124166313, -44.49451686099997 -22.30140553466309, -44.49482135799996 -22.29970180966303, -44.49110216899992 -22.298643326663, -44.49017083199993 -22.29648245966296, -44.48434524399993 -22.29376413766293, -44.48227902099995 -22.29405413366291, -44.48048104499998 -22.28892120066278, -44.47913256199995 -22.28815271066277, -44.47610210199997 -22.28924744266281, -44.47652259599993 -22.2860719876627, -44.47306440299997 -22.28313578966267, -44.47051967399994 -22.28277327766263, -44.46850752099994 -22.28009513966258, -44.46546648999998 -22.27915557766257, -44.46358876499993 -22.28108405266263, -44.45991306299993 -22.27998931666257, -44.46337923199996 -22.27632019266249, -44.46320451999997 -22.27469688566246, -44.46055105499993 -22.27350790166242, -44.45873857799995 -22.27046656666238, -44.46298300299998 -22.26696836866224, -44.46026830799996 -22.26253154466215, -44.45757134299998 -22.26185730366214, -44.45893432499997 -22.26109606166211, -44.45663610599996 -22.25723186366204, -44.45238766099992 -22.25821785066206, -44.45206866499996 -22.25672437066205, -44.44977769499996 -22.25786985566208, -44.44776947099995 -22.25552088566199, -44.44507975699997 -22.25716661166203, -44.44045308599993 -22.25481733266199, -44.43817465599994 -22.256758221662, -44.43868664899998 -22.25786473966205, -44.43719808899993 -22.25777343566202, -44.43320946499995 -22.25140833366193, -44.43036758799996 -22.25232291566194, -44.42919792599996 -22.25433896866198, -44.42625398199993 -22.254076217662, -44.42389664099995 -22.255662657662, -44.41445223499994 -22.25415423066199, -44.41300527999994 -22.25560405166203, -44.39479666799996 -22.25890694566211, -44.39239690199997 -22.26196283366211, -44.38996273699995 -22.27050879666233, -44.38758897699994 -22.27250482366241, -44.38407337199993 -22.26752924866227, -44.38072020099997 -22.26700173666226, -44.37985118099994 -22.26839492666227, -44.37688547999993 -22.26829836866227, -44.37470603399998 -22.26498091866221, -44.37607163599995 -22.26184279466216, -44.37112650099992 -22.25918745766205, -44.36987124999995 -22.25976680366207, -44.36624343899995 -22.25659419266203, -44.36448470799996 -22.25775978266202, -44.36396053799995 -22.25380781266193, -44.36202248599994 -22.25197321566192, -44.35986373099996 -22.25241462266191, -44.36003615599998 -22.25366987266194, -44.35840846799992 -22.25377332766198, -44.35716701199993 -22.25605622866204, -44.35492549299994 -22.25524238466196, -44.35242188899996 -22.25768391566206, -44.34613184299996 -22.25351813966193, -44.34037286399995 -22.25349744866195, -44.33925555299992 -22.25795979466204, -44.33688988899996 -22.25855983266208, -44.33326897399996 -22.25678730866202, -44.32830314799997 -22.25691835066205, -44.32389597699995 -22.25373884266197, -44.32328214499995 -22.25578034566199, -44.32502018399997 -22.25716663866202, -44.32393735899996 -22.26078755366211, -44.32234892899993 -22.26112733066214, -44.31960605499994 -22.25874605066209, -44.31701278999997 -22.25938746966208, -44.31531613299995 -22.254345776662, -44.31209524299993 -22.25500788666195, -44.30772945399996 -22.25198011266192, -44.30210151799997 -22.25384229766195, -44.29583216299994 -22.24887647166186, -44.29710810399995 -22.24580041766176, -44.29505384999993 -22.24483582066174, -44.29469290099996 -22.24583262466176, -44.29150962199997 -22.2430613706617, -44.28944878099998 -22.24746256266181, -44.28451759999995 -22.24356268466175, -44.27639152199998 -22.24317875066173, -44.26880460499996 -22.24482134866175, -44.26734257799995 -22.2483681496618, -44.26466819199993 -22.24412683966171, -44.26273769399995 -22.24408400466173, -44.26282321299993 -22.25129730966189, -44.26104379199995 -22.25466303566198, -44.26231283599997 -22.25807704166208, -44.26004372999995 -22.26176002966217, -44.26174038699997 -22.26341530466222, -44.26032617299995 -22.26978430466231, -44.25850546899994 -22.27178137866239, -44.26023393899992 -22.2729280376624, -44.25863710999994 -22.27289215966244, -44.25807147299997 -22.27450207466244, -44.25755163999997 -22.28174966266264, -44.25945542799997 -22.28344430366267, -44.25774599199997 -22.2849111306627, -44.25640099299994 -22.29168019666286, -44.25729463199997 -22.29875377166302, -44.26017866199992 -22.30115483366306, -44.24725310899998 -22.30970288166328, -44.23463669499994 -22.31526967966344, -44.23858385799996 -22.31828486266344, -44.24332588099996 -22.31710875466344, -44.24578067299996 -22.31432165866342, -44.25068201199996 -22.31323538466335, -44.25766261599993 -22.30420168466315, -44.26314389999992 -22.30973973566325, -44.26638549199998 -22.30997274566331, -44.26781011699995 -22.31144593766333, -44.27241127899998 -22.31085714966331, -44.27140695499997 -22.31662132666344, -44.27262718299994 -22.32026317566354, -44.27877539599994 -22.32121096866354, -44.28475927199997 -22.31939571366349, -44.29245007099996 -22.3193060826635, -44.30056025299996 -22.32790693166371, -44.30843690999995 -22.32937525166372, -44.30902317999993 -22.33109986766379, -44.31402765999995 -22.3319584596638, -44.31917530899995 -22.33552873566389, -44.32061553799996 -22.33575840166388, -44.32565542399993 -22.3321119236638, -44.32818466999998 -22.33194248566379, -44.33079050299994 -22.33408301966383, -44.33198450699995 -22.34104724766399, -44.33381276399995 -22.34348075166406, -44.33062877999998 -22.34709173566413, -44.33369915699995 -22.35131670066421, -44.33133052699998 -22.35596201966436, -44.33296473799993 -22.35872786366443, -44.33565671099996 -22.3574252606644, -44.34111479999995 -22.36004475466445, -44.34082953699993 -22.36579356066456, -44.33934946799996 -22.36758046266463, -44.34258231799998 -22.36981029366466, -44.33947443799996 -22.37614812766483, -44.34239494699994 -22.37832372466486, -44.33938886999994 -22.38197717966495, -44.33672785799996 -22.38113314566497, -44.33593435299998 -22.38381761666499, -44.33306832399995 -22.38500012066507, -44.33599869599993 -22.38837986366511, -44.32901417599994 -22.39666310566532, -44.32129675599998 -22.39816742166537, -44.32146143799996 -22.40012846966541, -44.31989127499997 -22.4002201526654, -44.31904971699998 -22.40231401466544, -44.31367603799998 -22.40211998566543, -44.32159210899994 -22.41146717266566, -44.32730758099996 -22.41524859766575, -44.35145368699995 -22.41382607466567, -44.35154633799993 -22.43272012266617, -44.35049743599996 -22.43457025766619, -44.35426294899997 -22.4434314446664, -44.35720957399995 -22.44660675466647, -44.36919083199995 -22.45262506166658, -44.37336142699995 -22.46102168866682, -44.37017098199994 -22.46199776566685, -44.36925231799994 -22.4654802926669, -44.36719676699993 -22.46522507466688, -44.36465379199996 -22.46703135766694, -44.36285660399994 -22.47042343666704, -44.36423040199998 -22.4742697256671, -44.36141883199996 -22.47566819166716, -44.36289220599996 -22.47652885366716, -44.35892563899995 -22.47833653566724, -44.35794198499996 -22.48370162766734, -44.35147813999998 -22.4914226566675, -44.34364267099993 -22.4912376786675, -44.34215049399995 -22.48978624466747, -44.33207384599995 -22.49378700566756, -44.32318783799996 -22.49947474366769, -44.32088832999995 -22.50553489166787, -44.31876050499994 -22.50740075366788, -44.32031432899997 -22.512024128668, -44.32487049399997 -22.51394157566802, -44.32397726299997 -22.51867181566815, -44.32784982199995 -22.51855913166816, -44.32848602099994 -22.5200147936682, -44.32427405999994 -22.52493772966826, -44.32479480699993 -22.52692456566834, -44.32361348999996 -22.52768582166837, -44.32568073699997 -22.53409955566852, -44.32148120099998 -22.53908538766861, -44.32163652299993 -22.54359698466874, -44.32040320599997 -22.54542013966876, -44.32160912099993 -22.55232290366892, -44.32399174499994 -22.55197376066892, -44.32715793899995 -22.55598678366906, -44.32392609099996 -22.56195112366918, -44.32444682599998 -22.56473628166922, -44.32747767099994 -22.56553575666927, -44.32675853699993 -22.5691449796693, -44.32952332299993 -22.56899935166932, -44.32830452099994 -22.5731657716694, -44.33508857899994 -22.5713894506694, -44.33737690399993 -22.57334082566942, -44.34185303399993 -22.57370664666944, -44.34343908499993 -22.5725003476694, -44.34660007599996 -22.57361081766944, -44.34719142699998 -22.57545971766945, -44.34448138099997 -22.5806159906696, -44.34428127599994 -22.58472587366971, -44.34166959199997 -22.58686332166972, -44.34207013699994 -22.58925419866979, -44.34499027499993 -22.58784874166977, -44.34738418299997 -22.59090606866986, -44.34523911099996 -22.59663926266995, -44.35014838499995 -22.59531417066993, -44.35016667399997 -22.59820381567001, -44.35182996499997 -22.60023660967007, -44.34865659099995 -22.60570971567015, -44.34885572999996 -22.60810580567026, -44.34989826399993 -22.60962431967029, -44.35264939099993 -22.61004359067028, -44.35602369299993 -22.6148992926704, -44.36119030599996 -22.6128417916703, -44.35984265899998 -22.60938687967025, -44.36274486199994 -22.60591029967018, -44.35986160999993 -22.59305408766986, -44.36225106199998 -22.59183927966985, -44.36575338599993 -22.59403851966992, -44.37042053999993 -22.58974648866979, -44.36461339399995 -22.58663735266975, -44.36424081199993 -22.58448536866969, -44.36158441199995 -22.58264836566962, -44.36051819999993 -22.58317169466963, -44.35991435999993 -22.58102292266958, -44.36384574599997 -22.5779555416695, -44.37121388299994 -22.58040623466957, -44.38239777799998 -22.57349418866941, -44.38959855299998 -22.57419852166946, -44.39200783399996 -22.57235524366937, -44.39570227799993 -22.58156214166962, -44.40024778599996 -22.58219075266964, -44.40094244799996 -22.58526711366967, -44.40352262199996 -22.58802922266972, -44.40965053499996 -22.58843030766976, -44.40492848599996 -22.59143224066984, -44.40594566999994 -22.59899909567002, -44.40112438299996 -22.60329525067013, -44.39817206899994 -22.60285281767008, -44.40179423599994 -22.60668586367019, -44.40348476499997 -22.60609559767021, -44.40661965699995 -22.60884841367027, -44.41543938599994 -22.60210440167009, -44.43147450499998 -22.59865176467001, -44.43930185899995 -22.60473005867016, -44.44232506999997 -22.60431249867014, -44.44527656299993 -22.60633029867018, -44.44672575899995 -22.61051254267031, -44.45460923599995 -22.60946864767027, -44.46487673699994 -22.61596957367042, -44.47184685199994 -22.61342726867035, -44.47846964199993 -22.61284892367034, -44.48482083899994 -22.6038720686701, -44.48866623099996 -22.60675558067021, -44.48891600199993 -22.60917557867026, -44.48560238099998 -22.60980277967025, -44.48517499599996 -22.61105163167031, -44.49299003499993 -22.61801190067045, -44.49114418899995 -22.62068569167051, -44.49593820799998 -22.62287480767057, -44.49552086799996 -22.62561984467065, -44.50037023899994 -22.62868817367068, -44.50858843199995 -22.64094701467098, -44.51072493499998 -22.64013578767098, -44.51559996499998 -22.63010656067073, -44.52146367399995 -22.63179610467076, -44.52668435899994 -22.62992814667071, -44.53227178199995 -22.63072771667077, -44.53453278799997 -22.63308810767078, -44.53123143199996 -22.63949673567096, -44.53500486699994 -22.63810704567095, -44.53781248999996 -22.63303841567078, -44.53418494099997 -22.62640447367068, -44.52849098899997 -22.62366347167057, -44.52630390099995 -22.61929159267051, -44.53065059299996 -22.61911934167046, -44.53299405999996 -22.61583612367039, -44.53562864099996 -22.61834198667046, -44.53753784499997 -22.61819409067048, -44.54138314199997 -22.61192419367029, -44.54578708599995 -22.60949723667029, -44.54602941199992 -22.60696168167021, -44.54944561399999 -22.60619037667018, -44.55027897799994 -22.60376120867015, -44.55305685899997 -22.60561115867014, -44.55508540099999 -22.61025687367028, -44.56408676399996 -22.61199272267033, -44.57160792599995 -22.60574980067018, -44.57221381099998 -22.60143190767006, -44.57405703299997 -22.60173357167007, -44.57584036999997 -22.6066321316702, -44.57990625699994 -22.61178564767033, -44.58086237999999 -22.6145415326704, -44.57972163299996 -22.61643360767045, -44.58377699699997 -22.62285512067056, -44.58365665499996 -22.62621322767062, -44.58915766899997 -22.62349412967056, -44.59183189799995 -22.62354797367062, -44.59326772499997 -22.62168139767056, -44.59289081999997 -22.61691624567045, -44.59688421499992 -22.61373947767037, -44.59695510799997 -22.60999384767026, -44.60207600799998 -22.60777153967021, -44.60460580799997 -22.6137008886704, -44.61079735499993 -22.61738426667042, -44.61278495899995 -22.61734483067048, -44.61729256299998 -22.61325919867037, -44.62298720799998 -22.60512342767016, -44.62487227799994 -22.60692962367018, -44.63309875299995 -22.60932736967026, -44.64024855299993 -22.60805792367021, -44.64611654099997 -22.6033866146701, -44.64344840099994 -22.60048546467007, -44.64712017899995 -22.58464131166964, -44.64650332999997 -22.58152394066962, -44.64236818399996 -22.57763484566954, -44.64289853599995 -22.5644964716692, -44.64162335499997 -22.56020243766909, -44.64442761299995 -22.55559861666901, -44.64808529399993 -22.55249392966895, -44.65035266199992 -22.55701323366906, -44.65565052399995 -22.55416912866898, -44.65939804699997 -22.55424061366896, -44.66153270099993 -22.55093612966893, -44.66787363199996 -22.55407376366898, -44.67492245699997 -22.56134209366915, -44.67742610199996 -22.56150014266914, -44.67884437999992 -22.55890123566909, -44.67712438299998 -22.54752843366883, -44.67492274299996 -22.54294688266873, -44.66992645999994 -22.5392682856686, -44.67100724699997 -22.53666473666859, -44.67875307299993 -22.53061501566844, -44.68082089999995 -22.5256914306683, -44.68653797099994 -22.52401857266826, -44.68886047399997 -22.51980729766815, -44.69746325499995 -22.51803363866814, -44.69695345999997 -22.51544218366806, -44.70014529899998 -22.51316780466805, -44.69886571899996 -22.51146583766797, -44.70138760999998 -22.51074529766798, -44.70408609399993 -22.51242897366799, -44.70823274499998 -22.51195033966798, -44.71454319399993 -22.51494925666808, -44.71622080699994 -22.51423619166805, -44.71528907299994 -22.51257149466798, -44.71717738599993 -22.51047664766796, -44.71279028799994 -22.50936701566793, -44.71441187699996 -22.50596805166786, -44.71368959699998 -22.50307893266776, -44.71024106599998 -22.50111036666775, -44.71125367399998 -22.49625976266764, -44.71226612599997 -22.49282224866758, -44.72007432599997 -22.49277147266756, -44.72201687199998 -22.48507828366737, -44.72496894599993 -22.48379377166736, -44.72248298299996 -22.47933573966723, -44.72382231999995 -22.47616565566712, -44.72276562499996 -22.47338099166708, -44.72108463399996 -22.47248434266709, -44.72136526399999 -22.47072480166703, -44.71796071499995 -22.47071837766705, -44.71769599099997 -22.46735908766697, -44.71934501699996 -22.46698943366697, -44.71924544999996 -22.46342108166689, -44.72331163799998 -22.46214919366685, -44.72501391199995 -22.45656701866668, -44.72421737599996 -22.45083067566657, -44.72699240399992 -22.45056088066657, -44.72881030499997 -22.44861450666652, -44.73150824899994 -22.44143283666632, -44.73022351399992 -22.43963420666628, -44.73385289099997 -22.4360305246662, -44.73394282199995 -22.43289577066615, -44.74144567699994 -22.42482763266596, -44.74916524099995 -22.42097829366588, -44.75533366499996 -22.41526920166573, -44.76323478799998 -22.41697789966578, -44.77117445199996 -22.41507649166577, -44.77425781699997 -22.41228861566569, -44.77635193499997 -22.41208305866565, -44.77848459599993 -22.40889691466561, -44.78359784199995 -22.40793336366555, -44.79379221699997 -22.40907677766558, -44.80015807999996 -22.40718821666556, -44.80444909599998 -22.4039763786655, -44.80930539599996 -22.40628890166554, -44.80935678499997 -22.40406630966549, -44.80479597499993 -22.40008363066541, -44.80366540799997 -22.39381412166521, -44.79587991199998 -22.38990852666514, -44.79338647899993 -22.38687113966506, -44.78758954399996 -22.3880913686651, -44.78030891999998 -22.38290671966497, -44.77600095399998 -22.38429322366499, -44.76766712399995 -22.3782688246649, -44.76177018899995 -22.37743374666486, -44.75642568999996 -22.37465871866481, -44.74469605699994 -22.37559015166484, -44.73024124399995 -22.36111987566445, -44.72598688699997 -22.35902417866443, -44.72116588299996 -22.36022942966445, -44.70795309399993 -22.36882808566466, -44.70471510699996 -22.36785668966462, -44.69545086399995 -22.37156238666471, -44.69028807199993 -22.37015925866467, -44.68821935799997 -22.37289355966477, -44.67929435899998 -22.37424849766477, -44.67645466899995 -22.37215601766474, -44.67112997799994 -22.37476439666478, -44.66663277299993 -22.37256976066477, -44.66481590199993 -22.37339724666476, -44.66185440599997 -22.38048497266494, -44.66288582899994 -22.39975718866539, -44.65556284299998 -22.39918761666535, -44.65354703399998 -22.40027272566543, -44.65291273899992 -22.40319437466546, -44.65031080099993 -22.4043779176655, -44.65141756699995 -22.40942844166558, -44.64865017899995 -22.40854017866557, -44.64823608699992 -22.41148557566566, -44.64461579899995 -22.41498097866572, -44.64467867699994 -22.41935658266587, -44.64191290699994 -22.41992587166586, -44.63730192999997 -22.43491787266622, -44.63976014199994 -22.43980232366634, -44.63995787599998 -22.44360680766644, -44.65061332299996 -22.45248637566662, -44.64659296299993 -22.46896376366701, -44.65176411699997 -22.47124735266707, -44.65423463799993 -22.48071170066729, -44.65680079499998 -22.48196385366731, -44.65938201099993 -22.48105121466726, -44.66220705099992 -22.48361812966736, -44.65222346499996 -22.49160375566753, -44.64941609799995 -22.49113251166749, -44.64703994199993 -22.4961813706676, -44.62073990399994 -22.50888561366792, -44.62410684699994 -22.51689504566811, -44.62661012399997 -22.53538655266856, -44.62446893799994 -22.53705308366855, -44.62266749599996 -22.54363207566873, -44.61548233099995 -22.55737054866902, -44.61018648099996 -22.55937548466907, -44.60450775399993 -22.5644843486692, -44.59807672699997 -22.56604676866927, -44.59307065799992 -22.56506961466925, -44.58845178099994 -22.56102424866916, -44.58599624399994 -22.56049182666913, -44.58223177999997 -22.54517010666874, -44.57654903499997 -22.53934662366866, -44.56324351499995 -22.53182932066844, -44.56461499699997 -22.5291516936684, -44.57709998299997 -22.52760609566835, -44.57815074499995 -22.5260369226683, -44.57721965599995 -22.51702441266811, -44.56745716699992 -22.50774497066793, -44.55848730799995 -22.50456935266783, -44.54974175199993 -22.49624005766763, -44.54497362699993 -22.49895551966767, -44.53549785199993 -22.49512469866758, -44.53212142299998 -22.48813281366742, -44.53004355899998 -22.48659181266743, -44.52100464799997 -22.48779343766741, -44.51315749499997 -22.48446819066739, -44.51372617999994 -22.47604182666717, -44.51245251599993 -22.47269562166709, -44.49694994399993 -22.46858453966697, -44.48785592399996 -22.46874691866698, -44.48954863899997 -22.46332360666685, -44.48848980899992 -22.46146195666678, -44.48449014399993 -22.4607675716668, -44.47883194499995 -22.45592490466671, -44.48040149199993 -22.44970870766655)))"
3304300.0,Rio Bonito,33,RJ,"MULTIPOLYGON (((-42.70680289999995 -22.66755225967159, -42.70391379099992 -22.6635736446715, -42.69889843699997 -22.66335821467152, -42.70061449099995 -22.66093685967143, -42.69750289899996 -22.65722132767134, -42.69294220799997 -22.65665926467131, -42.69383825499994 -22.65560770567135, -42.69098813099998 -22.6543436476713, -42.69264464499997 -22.65013231867123, -42.69082649099994 -22.64796210067117, -42.69294996299993 -22.64695087667111, -42.69369876099995 -22.64351158767107, -42.68835746799994 -22.64237258767103, -42.68727205599998 -22.64068609267097, -42.67666653299995 -22.64117438267102, -42.67415304099996 -22.64023200567098, -42.67282799599995 -22.63778189067089, -42.66800558399994 -22.63673359867091, -42.66282701799997 -22.64415781867105, -42.65647220899996 -22.64177414867103, -42.65395898899992 -22.64337608667103, -42.64843292699992 -22.64205769367103, -42.64593611299993 -22.64480516067108, -42.64136187399998 -22.64102573367098, -42.64024371899995 -22.64320814067103, -42.63742086399996 -22.64341736667102, -42.63877988999996 -22.64487009867109, -42.63740649899996 -22.64846701667114, -42.63341463699992 -22.65013040067122, -42.63235770499993 -22.65293233167123, -42.62593385499996 -22.65719314867139, -42.62252516899996 -22.65426653067132, -42.62002366299999 -22.65408555567128, -42.61897124399997 -22.65141293467124, -42.61352911599993 -22.6499357336712, -42.61207396299994 -22.64552567567107, -42.60485593299995 -22.64201670867102, -42.60022720899997 -22.63674106067091, -42.59483989199997 -22.63350504367081, -42.59275296099997 -22.63021522967071, -42.58461458699997 -22.62510409567065, -42.57550337299995 -22.6234740556706, -42.57150654199994 -22.62611622367062, -42.56456465899998 -22.6201257876705, -42.55862198299997 -22.62030213967047, -42.55397213499998 -22.61889684967048, -42.54406610799999 -22.62364426567057, -42.53353322399994 -22.62603822767066, -42.52800195199995 -22.63169179467078, -42.52643319799994 -22.70467224667247, -42.52962548999994 -22.7103281026726, -42.53078241099996 -22.71707145067274, -42.51889575499995 -22.71758494367276, -42.51454622599992 -22.71968239867284, -42.50781203999998 -22.72008388867286, -42.50492121699995 -22.72437578367293, -42.49866340499994 -22.72564708067292, -42.48905495299993 -22.72199897267283, -42.48049480599996 -22.72493695467291, -42.47319245799997 -22.72459134567292, -42.45872684499993 -22.71863831867278, -42.45396773399994 -22.72590532967294, -42.44429784799996 -22.72846503167298, -42.44178402999994 -22.73031047467306, -42.44681280599996 -22.82275068067519, -42.45426229199995 -22.81900786767514, -42.45983505199996 -22.82071495267514, -42.46173588099997 -22.81908933967512, -42.47200178299994 -22.82018364067515, -42.47740723599997 -22.82301323667518, -42.47790526199999 -22.82607614667524, -42.48373012699994 -22.82991177067535, -42.48719655999997 -22.82756074267528, -42.49836480199996 -22.83091750367539, -42.50174927399996 -22.82886820967533, -42.50359218499994 -22.82574950467522, -42.50633856799993 -22.8267988946753, -42.51112125599997 -22.82423119567526, -42.51548531799994 -22.82570143967523, -42.52644661899995 -22.81635450467503, -42.52748834299996 -22.81833579067506, -42.53194989199994 -22.80876805867487, -42.53797032999994 -22.81208244567492, -42.55315777799996 -22.81506119967501, -42.55611555399997 -22.81176778867491, -42.56045509099994 -22.81142719667491, -42.56303262299996 -22.80671148067479, -42.56954092199992 -22.80400624767477, -42.58135105099996 -22.8057368616748, -42.58724562599996 -22.80814923267485, -42.59511184799992 -22.81442260767503, -42.60176674099995 -22.81664432867503, -42.60100852099998 -22.82001365167512, -42.60879900899993 -22.82147204367518, -42.61197595799995 -22.82319280567521, -42.61612454899996 -22.82854375567531, -42.62269535799993 -22.83037745067536, -42.62637406799995 -22.83339069867544, -42.62916756599996 -22.8331756506754, -42.63429309599997 -22.83687207267549, -42.63599142699996 -22.83981614167561, -42.63206620299997 -22.84548105067569, -42.63647910999997 -22.84943560067578, -42.63782409099997 -22.85299919067587, -42.64512570499994 -22.8548975386759, -42.64335627599996 -22.85127217667583, -42.64368545599995 -22.84762294167574, -42.64607921799995 -22.84459833167567, -42.65064205599998 -22.84714456267577, -42.66011958399996 -22.84907669067579, -42.66183580199999 -22.84660025867575, -42.66865600999996 -22.84489167267569, -42.66749544899994 -22.84148361367565, -42.66416067299996 -22.83902630467555, -42.65615745399998 -22.82842740967534, -42.65794655299993 -22.82404113667519, -42.66264534599997 -22.82619391567528, -42.66426315699993 -22.82445107367525, -42.66321607999998 -22.82269847467515, -42.66826022899994 -22.82197980567518, -42.66529037599997 -22.8196621396751, -42.66515548099994 -22.81752143067505, -42.66583098499995 -22.81600788267504, -42.66973706999994 -22.81540942767504, -42.67024621399997 -22.81293758567494, -42.66935576999998 -22.8107591906749, -42.66666730899992 -22.81019971467491, -42.66326553299995 -22.80404053867477, -42.66672836399994 -22.80330625767475, -42.66680958399997 -22.8022768556747, -42.65909109999996 -22.8022277716747, -42.65870288599996 -22.79978666767469, -42.67254199699993 -22.79597035567457, -42.67795260199994 -22.7977810106746, -42.67996817699997 -22.7963976766746, -42.67947609799995 -22.79470905367455, -42.68804614799994 -22.79298264167453, -42.68615777099995 -22.78785974267439, -42.68825280799996 -22.78599450567435, -42.68795383599996 -22.78438056867432, -42.68602492399997 -22.78298098067425, -42.68541609299996 -22.78010776367418, -42.68226030499994 -22.78012396067421, -42.67554467799994 -22.77396876367407, -42.67606631499996 -22.76976277767399, -42.68092206399996 -22.76976671067396, -42.68485810599997 -22.76794007467393, -42.69033817599995 -22.76174177067378, -42.68648420499994 -22.7589967126737, -42.68793106799995 -22.75679196467365, -42.69403991199994 -22.75332614867355, -42.69512247899996 -22.74200396767332, -42.69819974899997 -22.73804696667324, -42.69798264199994 -22.73367977367313, -42.70040496599995 -22.72674420867299, -42.70352465299993 -22.72596783167294, -42.70524215899996 -22.72323479767291, -42.70889715699996 -22.7234154126729, -42.74722203699997 -22.68653258367206, -42.73779799699997 -22.68316376567198, -42.73528642399999 -22.67905905467184, -42.72866549799993 -22.67700236367178, -42.72259824499997 -22.67739176867184, -42.71671500699995 -22.67502046867177, -42.71427490399997 -22.6702893656717, -42.70925702099998 -22.67035830167168, -42.70680289999995 -22.66755225967159)))"
3304409.0,Rio Claro,33,RJ,"MULTIPOLYGON (((-44.19635419599997 -22.71459915167269, -44.18523186799995 -22.71201832967261, -44.17532150599992 -22.70473347467247, -44.17386083699994 -22.70210796767241, -44.17681298499996 -22.69262139467218, -44.16742428299994 -22.68713960467208, -44.16808598299996 -22.68309241467193, -44.16136516399995 -22.67825844967183, -44.16553315999993 -22.67364950067175, -44.16536257099994 -22.67228031467172, -44.14714997799997 -22.65276455767126, -44.14828737799996 -22.64879173967116, -44.11630066299994 -22.64362698267104, -44.09399752699994 -22.64926266867118, -44.08824667099997 -22.64877392867119, -44.08535001899996 -22.64665828167108, -44.08630154399997 -22.64059163467099, -44.07824334599996 -22.64748357267112, -44.08516748499994 -22.65261022767127, -44.08516080799994 -22.65868371767141, -44.08273462599994 -22.66043491067142, -44.08559411499994 -22.66606892067155, -44.08470407599999 -22.67263203767174, -44.08336758199994 -22.67306015267173, -44.08169106299993 -22.67818746267189, -44.07928782499993 -22.6796817206719, -44.07897790799995 -22.68141698567193, -44.07687192999997 -22.68176619767191, -44.07696271999998 -22.68390017067199, -44.07573688499996 -22.68372536267198, -44.07525154999995 -22.67996233767189, -44.07898241399993 -22.67863530967187, -44.07782942699998 -22.67642261967179, -44.07998072199997 -22.67466676967175, -44.07806699199994 -22.66911632267166, -44.08054021399994 -22.6670527856716, -44.07145798799996 -22.65951141767144, -44.07090405299993 -22.65546970367132, -44.06482395499994 -22.65011573267121, -44.05491406399994 -22.64651532467111, -44.05304923099994 -22.642364122671, -44.04972229999998 -22.64037678467099, -44.03592839799995 -22.64169193667103, -44.03304689099996 -22.63979222667096, -44.02701032999994 -22.64011159067096, -44.02304701299994 -22.64430378067109, -44.02155315999993 -22.64328840667104, -44.02146953499992 -22.64103720667099, -44.01700781599992 -22.64043532567097, -44.01305064899998 -22.64865461767118, -44.01134770099997 -22.6499200596712, -44.00819150199994 -22.6488568376712, -44.00667552699997 -22.65160290367126, -44.00379789199997 -22.65181694267128, -44.00321985899995 -22.6584592016714, -43.99923271899996 -22.6581624666714, -43.99865113199996 -22.65975851667142, -43.99680865299995 -22.65999705967144, -43.99639640899994 -22.66368631867153, -43.99163342499997 -22.66598548767154, -43.98990783899995 -22.66897175867163, -43.98437727699995 -22.66676796667158, -43.98305383399997 -22.66717142967159, -43.98283114099997 -22.66943325767168, -43.98079106199997 -22.66932719667168, -43.97528832199998 -22.66677358967157, -43.97020450799993 -22.66135418167148, -43.96711447699994 -22.6635011036715, -43.96415231299993 -22.66166616267147, -43.96034472099996 -22.66315033467152, -43.96152954299998 -22.66556046267159, -43.95931012399995 -22.67120705867167, -43.95953370799997 -22.67683162167183, -43.95754679399993 -22.68058087067191, -43.95821922599998 -22.685271268672, -43.95653692299993 -22.686211707672, -43.95441394799995 -22.68436453867198, -43.95221852099995 -22.685785991672, -43.94847882699997 -22.68854276767208, -43.94812678199997 -22.69138843767215, -43.94294102399994 -22.69645697967227, -43.94769373399998 -22.70248691967243, -43.94656934899995 -22.70753467667254, -43.94413783599997 -22.71060459567259, -43.93754687399996 -22.7111991906726, -43.93150841299996 -22.70921605067257, -43.93013235899997 -22.70673651767252, -43.92447815399998 -22.70380782667243, -43.92354918499995 -22.69879785667232, -43.91936311299997 -22.6988609826723, -43.91594977999995 -22.70611858467252, -43.91309955599996 -22.70684728667253, -43.91493980499996 -22.71071760567261, -43.91255554799994 -22.71389673767269, -43.90871990299996 -22.71055958567258, -43.90332904299998 -22.70901603167258, -43.89820400299993 -22.71171842767262, -43.89432102999995 -22.70949916267256, -43.89119275399997 -22.70398039167246, -43.88338645499993 -22.70148114167236, -43.88121684999992 -22.70272226167243, -43.88405740999997 -22.7097259696726, -43.87922524399994 -22.71422616967269, -43.88079241099995 -22.71740927667275, -43.87990416599995 -22.72741136067299, -43.88447535299996 -22.72848076467304, -43.88492484099999 -22.73129819467309, -43.89235618299994 -22.73543024367316, -43.89433079099995 -22.7327662246731, -43.89873701499993 -22.73264732067313, -43.89921911299995 -22.73808640167326, -43.89778374999997 -22.74387767367335, -43.90105800099997 -22.74256034767333, -43.90320448699998 -22.74431155367335, -43.90133536699994 -22.74771554167343, -43.90182415299994 -22.74891603067351, -43.90407257499993 -22.74841780267345, -43.90394755899995 -22.75063882767351, -43.90354741299995 -22.75354748867361, -43.90018047399997 -22.75228370367353, -43.89503505099998 -22.75676327567369, -43.88959729499993 -22.75395956167358, -43.88529746599993 -22.75687864367367, -43.88500067799998 -22.75832058167371, -43.88874094899995 -22.75897400067372, -43.88636434899996 -22.7632315976738, -43.89223600299993 -22.76622394267388, -43.89040977999997 -22.77281870667404, -43.88816016099997 -22.7743690866741, -43.89565155799994 -22.77553970267409, -43.89641890799992 -22.77719970467414, -43.89495120199996 -22.7808024406742, -43.89106146099993 -22.78151042667425, -43.89200406299994 -22.78346217167426, -43.89052902999998 -22.78750220067436, -43.89170537499995 -22.78957594867441, -43.88811223199996 -22.79381199967452, -43.88803141999994 -22.79566220267457, -43.88512361999994 -22.79455088167454, -43.88278434099993 -22.79799259267461, -43.87873590299994 -22.7977122746746, -43.87644103499996 -22.79936383967465, -43.87420356499996 -22.8020326766747, -43.87331751999994 -22.80841254967487, -43.88008484699997 -22.81147355267493, -43.87858243299996 -22.81316157667498, -43.87888103899996 -22.81585311767503, -43.88900150499994 -22.82210845167518, -43.88849890499994 -22.82409731667521, -43.89445096599997 -22.83099337467537, -43.89847821699993 -22.83317714267543, -43.90343131399993 -22.83020748167534, -43.90576085799995 -22.83024162967533, -43.91290370999996 -22.83653656667549, -43.91019067199993 -22.84474873867569, -43.91277247499993 -22.84807524267575, -43.91245467499994 -22.84978772567579, -43.91703941599997 -22.85263138867587, -43.91799813699998 -22.85703111867597, -43.92515977999993 -22.86345437667611, -43.92639647199996 -22.86967557267624, -43.92972491199998 -22.87400900567635, -43.93377196099994 -22.87487183867637, -43.93418341799997 -22.87741435867645, -43.93956207799993 -22.87870267467647, -43.93897215899995 -22.88119061667654, -43.94227145799994 -22.88467361567659, -43.95778341199996 -22.88782196067668, -43.96014185799999 -22.88562599067662, -43.96487224799994 -22.88635227267664, -43.96716486499997 -22.8849257006766, -43.96842149699994 -22.88110290167655, -43.97395698099996 -22.87618411067639, -43.97346206199996 -22.87181900267629, -43.97684951699995 -22.87047161567625, -43.98041137699994 -22.86595680767621, -43.97418190399998 -22.85452412967593, -43.98102334999992 -22.84790024967577, -43.98368017799999 -22.84916804567578, -43.98844759999997 -22.84648503867574, -43.99106149599993 -22.84677710767577, -43.99022887899997 -22.84235120167561, -43.99908938599997 -22.84508012467569, -44.00054718899997 -22.8530691386759, -44.00378637999994 -22.85904235867602, -44.00711541199996 -22.85933797967603, -44.00944407499997 -22.86085367967605, -44.00937779399992 -22.8625261936761, -44.01408806699994 -22.86453732567615, -44.01826275799992 -22.87067390967628, -44.02632731899995 -22.87348148967636, -44.02771397599997 -22.8759056376764, -44.03274829199995 -22.87884723567648, -44.03622838099994 -22.87933167167646, -44.04158227699997 -22.88323361767659, -44.04525900799995 -22.88298526467657, -44.05151490299993 -22.87770556567641, -44.05855238799995 -22.87824926367644, -44.06418729499994 -22.88060790967649, -44.07130644099993 -22.87816743467647, -44.07920815999994 -22.87937117267646, -44.08846893699995 -22.88364315067658, -44.09448486799993 -22.87767162867648, -44.10237142399995 -22.87268074167634, -44.10427353799997 -22.86894404167625, -44.11194062199996 -22.86459338067615, -44.11306247099996 -22.86108018067605, -44.11186593699995 -22.85908268367601, -44.11751645899994 -22.86081005667603, -44.11913547399995 -22.86273668867608, -44.11881697299997 -22.86733557167622, -44.12423671099998 -22.87272057167634, -44.12470742099998 -22.87499679867635, -44.12778050099997 -22.87722199167643, -44.13333922899994 -22.87755351367644, -44.14319896999994 -22.88301061967657, -44.14422087699995 -22.88704797167667, -44.14907758199995 -22.89000173067672, -44.15023308199994 -22.89291887467681, -44.15201627799996 -22.89363104267685, -44.15512339699995 -22.90216298967704, -44.16547722299998 -22.90404123667704, -44.16782707999993 -22.9066897296771, -44.16984325499994 -22.91267369867723, -44.17413258199996 -22.91568886367732, -44.17241019199997 -22.91915094967742, -44.17406266599994 -22.92064849367742, -44.17305738799996 -22.9226173646775, -44.17522701099994 -22.92819962767761, -44.17963822599995 -22.9275031056776, -44.18240420199992 -22.92547295967753, -44.19159516499996 -22.92733917867759, -44.19259010599995 -22.92891422467766, -44.20374633099993 -22.92893645967761, -44.21497744899994 -22.93187401367771, -44.22343853299996 -22.9288722166776, -44.23161481099998 -22.92017543767743, -44.24119705999993 -22.91476895367731, -44.24088761199993 -22.91077852367723, -44.23702986199998 -22.90676467067714, -44.23822491799994 -22.90400274367708, -44.24169687899995 -22.90233647967698, -44.23685811599994 -22.89723334167689, -44.23774988099995 -22.88622645567662, -44.23405649599992 -22.87638657267641, -44.23136219199994 -22.87338037767633, -44.23253660299996 -22.87046525167625, -44.23767191699994 -22.87203116867635, -44.24041557599997 -22.86918347367627, -44.24463585399995 -22.86808076967623, -44.24800202499995 -22.85717182667598, -44.26088816899994 -22.84759704867575, -44.26685882599997 -22.84886378767581, -44.27208970499998 -22.84564000867572, -44.27540693499997 -22.84650556467576, -44.27997325799998 -22.84557186367573, -44.28203487299992 -22.84201320567562, -44.28534016099997 -22.84387550367566, -44.28797829899997 -22.84220115467564, -44.29175849399996 -22.84246494567565, -44.29650367699997 -22.84490559367571, -44.30205155099998 -22.85411118467593, -44.30464255399994 -22.8524408686759, -44.30553636999997 -22.84749719667574, -44.30995197799996 -22.84661967567574, -44.31153230599994 -22.84377259367569, -44.31444845399994 -22.84264600067565, -44.31805669499993 -22.84509499167569, -44.31809559099997 -22.84159059967563, -44.30817767199994 -22.83255125767544, -44.30137354299995 -22.83101663067538, -44.29652162999997 -22.82787657867533, -44.29116734899996 -22.82933408767535, -44.28565748399996 -22.82824320667534, -44.28647102099995 -22.83207052967541, -44.28417832599995 -22.8330134946754, -44.28336478899996 -22.83615670467552, -44.26767874699993 -22.82924359767535, -44.26951616699994 -22.82741118167528, -44.26734365299995 -22.82528489067527, -44.26587373999996 -22.8189429986751, -44.26371046999999 -22.81779665167509, -44.26131145999994 -22.80625921367482, -44.25934232999998 -22.80429932967474, -44.25818211599994 -22.80654117967483, -44.24598830299993 -22.80371228767474, -44.24154066399996 -22.79832777667461, -44.24002902599995 -22.79198803167449, -44.24249153899996 -22.78823308167438, -44.24786378299995 -22.79087143967443, -44.25072970499996 -22.7883032766744, -44.25636849699998 -22.78772636967435, -44.25661042599994 -22.78499071867431, -44.25375606399996 -22.78075634767422, -44.25710279499998 -22.77802998467414, -44.25447438599996 -22.77350781567407, -44.25857468199996 -22.77070087367398, -44.25758099099993 -22.7669588856739, -44.25511304199996 -22.76497114067385, -44.25197658199993 -22.76469203567384, -44.25047277799995 -22.75756750567366, -44.24616469699999 -22.7574435046737, -44.24263838399997 -22.75461102667362, -44.23877753199997 -22.75572476267362, -44.24249989099997 -22.74865085667351, -44.23511168399994 -22.74514326267338, -44.23211165999992 -22.74187628967332, -44.22952794199995 -22.73554176767321, -44.22704652199997 -22.73373899067312, -44.21833099699995 -22.73237147067312, -44.20935139599994 -22.73702535267318, -44.20561651999998 -22.73647066867322, -44.20439217899996 -22.73498830067316, -44.19896030799998 -22.73528734167316, -44.20039452899993 -22.72995489567302, -44.19918226799994 -22.72719644567298, -44.20260855399993 -22.72557088367292, -44.20407264899995 -22.7185636066728, -44.20176146399996 -22.71540190467273, -44.19635419599997 -22.71459915167269)))"
3304508.0,Rio Das Flores,33,RJ,"MULTIPOLYGON (((-43.66435248599998 -22.14663441465942, -43.66024992199993 -22.11330895065868, -43.66193353299997 -22.10834962465854, -43.65908931099994 -22.10445882565843, -43.66210638099994 -22.09930480865831, -43.66069371799994 -22.09578792765823, -43.66138818699994 -22.09218359665813, -43.66419703099996 -22.08845459565808, -43.66665034099996 -22.08854731065808, -43.66846159799996 -22.08617483365803, -43.66789844899994 -22.08416600765796, -43.66539851899995 -22.08299347365791, -43.66611752499995 -22.07494060165778, -43.66386095099995 -22.07353577365772, -43.65649389999992 -22.07336984965771, -43.65272188199997 -22.06665543565756, -43.64595215999998 -22.06485238865751, -43.63764486999997 -22.06778372265756, -43.63579757599996 -22.06952040065761, -43.63659401499996 -22.07233005565768, -43.62961412099997 -22.07519501965778, -43.62758984199996 -22.07746265565784, -43.62143957099994 -22.07481892365774, -43.62037765399997 -22.07658878565778, -43.62275590499996 -22.07817060165782, -43.62121783999997 -22.08327527665793, -43.61961440099997 -22.08427662365794, -43.61211461099997 -22.0818873106579, -43.61183806999997 -22.07213094565769, -43.61033368699997 -22.07043851565767, -43.60882930499997 -22.07031683765764, -43.60764570899994 -22.07235217865769, -43.60301088299996 -22.0723189936577, -43.59826544099997 -22.0645869096575, -43.59896232399994 -22.05874636465735, -43.59452660699998 -22.06043879565745, -43.59231427999998 -22.05625749665731, -43.58770157699996 -22.0549854116573, -43.58530120199998 -22.05158948865716, -43.58339859999995 -22.05710924565731, -43.58469281199994 -22.06351393365748, -43.58402911299997 -22.07112434065769, -43.58121945799996 -22.07053807365764, -43.57430593399992 -22.07832546665784, -43.56856494399995 -22.07732991565781, -43.56672871199998 -22.08068159465786, -43.56589908999995 -22.08797121065807, -43.56453850799994 -22.08861278565807, -43.56033508599995 -22.08803758065804, -43.55960501799996 -22.08381203565794, -43.54933981799996 -22.08085857765789, -43.54821153099994 -22.07907765465781, -43.54129800799996 -22.07927676365784, -43.53550170999993 -22.07542731365779, -43.52482722999997 -22.07240748665772, -43.52084503999998 -22.06769522965761, -43.52048000599995 -22.06352499165748, -43.51842254199993 -22.0609476306574, -43.51281429099998 -22.05927732365736, -43.50692949999996 -22.06200955065746, -43.50434107699994 -22.06968632465764, -43.50682994599997 -22.07303246965768, -43.50382280299993 -22.07520227065777, -43.49741649199996 -22.07355789765771, -43.49433029499993 -22.07492954065775, -43.48321334999996 -22.07327029765771, -43.47615602499997 -22.0692106766576, -43.46503907899994 -22.07271721665768, -43.46230685499994 -22.07240749065766, -43.45690877599997 -22.07029471765766, -43.45322524999993 -22.06686560965754, -43.44777186299996 -22.06682136365757, -43.44644446699993 -22.06322633165745, -43.44332508499996 -22.06147859265744, -43.43699375399995 -22.0599686736574, -43.40041409299993 -22.21629816566108, -43.40261568899996 -22.21547838466104, -43.41932051499997 -22.2240650136613, -43.41761867499996 -22.22707530666133, -43.41811732999998 -22.22893765266138, -43.42386484799993 -22.23500814066151, -43.42649601299996 -22.23604919266154, -43.43274391099992 -22.2344657796615, -43.43461033399996 -22.23079190366141, -43.44255280799996 -22.2261004026613, -43.44905282099995 -22.22467053366126, -43.45528092399997 -22.22032839866117, -43.45775831899993 -22.2163254316611, -43.46953280099996 -22.21550965366108, -43.47238888599997 -22.21758860366111, -43.47051532499995 -22.22444975666126, -43.47111951099998 -22.23200489466142, -43.47341930399995 -22.2363733476616, -43.47717139499996 -22.23704474466155, -43.47677291699994 -22.24366521166173, -43.48106763699996 -22.24983258066188, -43.48455702899997 -22.24975307966188, -43.49027437799997 -22.24439188966172, -43.49607688399993 -22.24450911866172, -43.50535845499996 -22.23946879766164, -43.51474727899996 -22.23646074866155, -43.51987949799997 -22.24437370166177, -43.51694011099994 -22.2511545936619, -43.51730883299995 -22.26130077766216, -43.52081274999995 -22.27041372166235, -43.52458493299996 -22.27599530566249, -43.52728987599993 -22.27635839566247, -43.52936391599996 -22.27368993766244, -43.53834856299994 -22.2727156896624, -43.54071988699996 -22.27036954666231, -43.54577982799997 -22.26870576166233, -43.55509734999998 -22.26855076366231, -43.56138264999998 -22.2646619876622, -43.56536866999993 -22.2687411116623, -43.56972654799995 -22.27068573366233, -43.57747452799998 -22.27900794166258, -43.57898316899997 -22.28499926566268, -43.58514575599996 -22.28544852566267, -43.58892877799996 -22.28829541466276, -43.59515055399999 -22.28499794466267, -43.58645650999995 -22.27604158066251, -43.58876115799995 -22.27306116766243, -43.58843169899995 -22.26834106366233, -43.59384476499997 -22.26600135866226, -43.58765946999995 -22.26636970366226, -43.58761628299992 -22.26401219366217, -43.59248332999994 -22.26039757166211, -43.59751042799996 -22.26148517666214, -43.59923702499998 -22.25844050566207, -43.60208058299997 -22.25975667666208, -43.60800812799993 -22.25902713866211, -43.60854912599995 -22.25497668866199, -43.61041785899993 -22.25385444866197, -43.60814912599994 -22.25018711066187, -43.60541390999997 -22.25011383766186, -43.60286482799995 -22.24687912066181, -43.60582534599996 -22.24360876666172, -43.60989264799996 -22.24407258066173, -43.61125977299996 -22.24198110366168, -43.60865709099993 -22.23499357266151, -43.60957942399994 -22.23269504466147, -43.60723543799997 -22.23127786266143, -43.60885248399995 -22.22449112366127, -43.61225659799992 -22.2247572466613, -43.61754127799998 -22.2219513336612, -43.62418454499992 -22.22267659866124, -43.62630779899995 -22.21966816366113, -43.62528115899993 -22.21777131866113, -43.63438700199998 -22.2078740416609, -43.65089422599993 -22.20468028166083, -43.65397055799996 -22.19923252666068, -43.65904183999992 -22.1964836026606, -43.65937377399995 -22.19500460666056, -43.65685128499996 -22.19368912766057, -43.65653724799995 -22.18842031266042, -43.65498485499995 -22.18616524066038, -43.65782192699992 -22.18371926166033, -43.65731346099994 -22.18073735566023, -43.65858792199997 -22.17969417266019, -43.66322357899998 -22.18094079666026, -43.66299180499994 -22.17886932566017, -43.66527164699993 -22.17585275066011, -43.66668249499997 -22.17590633566016, -43.66542853699996 -22.17411844266007, -43.66626132399994 -22.17223394466006, -43.67067647199997 -22.17139577966004, -43.67063324899993 -22.16942987666001, -43.67438286899993 -22.16676631765989, -43.67101965999996 -22.16336005965983, -43.66553484299993 -22.16235563465979, -43.66649261099997 -22.15814878665972, -43.66110067199998 -22.15474078765964, -43.66309140599998 -22.15239116065959, -43.66266682199995 -22.15077933065955, -43.66402962499995 -22.14996099865953, -43.66289578999994 -22.14850655765948, -43.66435248599998 -22.14663441465942)))"
3304524.0,Rio Das Ostras,33,RJ,"MULTIPOLYGON (((-41.84849189499993 -22.47896598766726, -41.84888455199995 -22.4787547416672, -41.84843332399999 -22.47845830166718, -41.84822959099994 -22.47877863666723, -41.84849189499993 -22.47896598766726)), ((-41.84979380199996 -22.4788660266672, -41.85001082999997 -22.47867737366724, -41.84969819199995 -22.4784119456672, -41.84957689299994 -22.47858882666722, -41.84979380199996 -22.4788660266672)), ((-41.85094465499998 -22.46511792766688, -41.85142752599995 -22.46495351166693, -41.85151834999992 -22.46482895466687, -41.85117150199994 -22.46484659266691, -41.85094465499998 -22.46511792766688)), ((-41.85193863599994 -22.46404900366687, -41.85222277899992 -22.4640855526669, -41.85240770399997 -22.46387170066689, -41.85227587299993 -22.46388391566687, -41.85193863599994 -22.46404900366687)), ((-41.93388912099994 -22.54148262566869, -41.93439039299994 -22.54181954866872, -41.93469907899998 -22.54150471566869, -41.93412167399998 -22.54144185266865, -41.93388912099994 -22.54148262566869)), ((-41.93405493999995 -22.53995683166861, -41.93426474899997 -22.54010369566866, -41.93436011499994 -22.54000642166862, -41.93403205099998 -22.53989579566864, -41.93405493999995 -22.53995683166861)), ((-41.90896753499992 -22.53715702366858, -41.90919223299993 -22.53710114666857, -41.90914902099995 -22.5369015896686, -41.90875579799996 -22.5370133426686, -41.90896753499992 -22.53715702366858)), ((-41.91676844699997 -22.53257878066845, -41.91699904999996 -22.53220056066848, -41.91639085199995 -22.53216018466848, -41.91633180699995 -22.53252390966848, -41.91676844699997 -22.53257878066845)), ((-41.91960868299998 -22.52674653466836, -41.91958579399994 -22.52687051166836, -41.91993293199993 -22.52685715966837, -41.91968115999997 -22.52658059366834, -41.91960868299998 -22.52674653466836)), ((-41.85087236599996 -22.47870704066722, -41.85133096999992 -22.47863816866724, -41.85075133599997 -22.47780478866721, -41.85054078499996 -22.47844629066723, -41.85087236599996 -22.47870704066722)), ((-41.85232886499994 -22.46266534166684, -41.85247000899993 -22.46288468566686, -41.85259971199996 -22.46256806566686, -41.85253867299996 -22.46256615866685, -41.85232886499994 -22.46266534166684)), ((-41.85082635499998 -22.45396073966665, -41.85112109199996 -22.45500448566668, -41.85218254299996 -22.45495383366665, -41.85254134499996 -22.45400560566665, -41.85082635499998 -22.45396073966665)), ((-41.82781114799997 -22.42434105966597, -41.82798394799994 -22.42436859966595, -41.82803757499994 -22.42428597866593, -41.82789456799998 -22.42424742166595, -41.82781114799997 -22.42434105966597)), ((-41.90936389599994 -22.53653958666855, -41.90945630299995 -22.53655122466854, -41.90956130899996 -22.53645035466856, -41.90940589799992 -22.53645811566856, -41.90936389599994 -22.53653958666855)), ((-41.93367347099996 -22.54037644666869, -41.93374594999995 -22.54048897866863, -41.93383368799993 -22.54048898166867, -41.93381461399996 -22.54037835466863, -41.93367347099996 -22.54037644666869)), ((-41.93506050999997 -22.54076846566864, -41.93526258099996 -22.54076168666865, -41.93519193599996 -22.54054583066864, -41.93502883099995 -22.54061781466869, -41.93506050999997 -22.54076846566864)), ((-41.93404349599995 -22.54048135066865, -41.93411597399994 -22.54040505766863, -41.93395957299998 -22.54021813766865, -41.93394431199992 -22.54026772866864, -41.93404349599995 -22.54048135066865)), ((-41.85375686599998 -22.46263068766684, -41.85290405599994 -22.46273820466683, -41.85355546199998 -22.46375542366686, -41.85413171799996 -22.46327782566688, -41.85375686599998 -22.46263068766684)), ((-41.82766813999995 -22.42462196966592, -41.82782902299993 -22.42454485766593, -41.82779922999998 -22.42443469566594, -41.82758471999994 -22.42444020466595, -41.82766813999995 -22.42462196966592)), ((-41.82799586499993 -22.42458341266594, -41.82809716199994 -22.42459442966597, -41.82821633399993 -22.42443469566594, -41.82811503699998 -22.42441817166595, -41.82799586499993 -22.42458341266594)), ((-41.93581732999996 -22.53950669666863, -41.93587836499994 -22.5394265866686, -41.93569907499994 -22.53935982966864, -41.93567618599996 -22.53945901266864, -41.93581732999996 -22.53950669666863)), ((-41.91883517599995 -22.53257001766846, -41.91795945099994 -22.53319542366848, -41.91970148099994 -22.5336757976685, -41.91905924799994 -22.53185089566843, -41.91883517599995 -22.53257001766846)), ((-41.91860160199997 -22.53149773966848, -41.91847952999995 -22.53166177166846, -41.91865882199994 -22.53182580366845, -41.91877326299993 -22.53166749266844, -41.91860160199997 -22.53149773966848)), ((-41.82878240299993 -22.425833734666, -41.82896712099993 -22.42552528666602, -41.82846659599994 -22.425431649666, -41.82847255499996 -22.42566298666599, -41.82878240299993 -22.425833734666)), ((-41.94168507399996 -22.54103992466869, -41.94138094799996 -22.54167621366868, -41.94176555299998 -22.5417971346687, -41.94216268799993 -22.54130134166866, -41.94168507399996 -22.54103992466869)), ((-41.94292029699993 -22.53982331566866, -41.94313773499993 -22.53975655766867, -41.94322547199993 -22.53963639566863, -41.94302329399994 -22.53962685866865, -41.94292029699993 -22.53982331566866)), ((-41.94155844899995 -22.54054620066863, -41.94166907599998 -22.54046609366866, -41.94155463499992 -22.54039170366864, -41.94150122899998 -22.54045846266865, -41.94155844899995 -22.54054620066863)), ((-41.85659358599997 -22.47450638266713, -41.85743909299998 -22.47478794966712, -41.85820660899998 -22.47432182966712, -41.85732634399994 -22.47338367266708, -41.85659358599997 -22.47450638266713)), ((-41.85611948299992 -22.46801708466695, -41.85685201399996 -22.46735506266699, -41.85646856399995 -22.46668796666692, -41.85591567799997 -22.46741733766697, -41.85611948299992 -22.46801708466695)), ((-41.85745845499996 -22.47320249066709, -41.85771439399997 -22.4733702866671, -41.85830077499997 -22.47305482866707, -41.85791947799998 -22.47282587066708, -41.85745845499996 -22.47320249066709)), ((-41.86149255199995 -22.47496431266713, -41.86108886699999 -22.47510569266712, -41.86103001399994 -22.47524505166712, -41.86189513899995 -22.47503057266716, -41.86149255199995 -22.47496431266713)), ((-41.85423621499996 -22.45516183266663, -41.85395774099992 -22.45522477366665, -41.85385474399993 -22.4557626466667, -41.85429724899994 -22.45527055166667, -41.85423239899995 -22.45488908066663, -41.85423621499996 -22.45516183266663)), ((-41.85472449699995 -22.45710351266672, -41.85493048999995 -22.45699860766669, -41.85486538799995 -22.45675446866668, -41.85478553099994 -22.45676972866673, -41.85472449699995 -22.45710351266672)), ((-41.85499533799997 -22.45698144166673, -41.85514411199996 -22.4569623696667, -41.85497626599994 -22.45669343366669, -41.85494574699992 -22.45669724666672, -41.85499533799997 -22.45698144166673)), ((-41.85434684099994 -22.45494630166666, -41.85450324499993 -22.45495774566666, -41.85434302499993 -22.45475938166669, -41.85429724999995 -22.45490624766665, -41.85434684099994 -22.45494630166666)), ((-41.93588591899992 -22.53919417966861, -41.93775594699996 -22.54004296866866, -41.93812209899993 -22.53990258166866, -41.93735828099994 -22.53851750166858, -41.93588591899992 -22.53919417966861)), ((-41.86435123299997 -22.47931094266722, -41.86523182499997 -22.47871419966723, -41.86544641199998 -22.47838420566721, -41.86468392699993 -22.47868053266721, -41.86435123299997 -22.47931094266722)), ((-41.88430747199993 -22.48794152566742, -41.88404425999993 -22.48824860666744, -41.88472708999995 -22.48815896466747, -41.88476142199994 -22.48788621166741, -41.88430747199993 -22.48794152566742)), ((-41.88358476699994 -22.48982845066746, -41.88404321999996 -22.48960862166747, -41.88323165999998 -22.48943762366747, -41.88323779099994 -22.48972974866746, -41.88358476699994 -22.48982845066746)), ((-41.88477286499995 -22.48983361466749, -41.88495978499997 -22.48976685766747, -41.88446768999995 -22.48974206166748, -41.88456305799997 -22.48980500466748, -41.88477286499995 -22.48983361466749)), ((-41.88479575399998 -22.48957993866747, -41.88497885899994 -22.48956468066746, -41.88508567199994 -22.48944833066746, -41.88481101299993 -22.48940827466748, -41.88479575399998 -22.48957993866747)), ((-41.99051807399997 -22.5043904956678, -41.99140562399998 -22.50204057066776, -42.00280593799994 -22.4904412226675, -42.01892194599998 -22.47976729266724, -42.01802425099997 -22.4767560746672, -42.02055506999994 -22.47506317366715, -42.02307161199997 -22.47064340166703, -42.02695225199994 -22.46842846266699, -42.02580635599997 -22.46498336166689, -42.02760912699995 -22.4554341766667, -42.02514946499996 -22.45282082066661, -42.01743364799994 -22.44938512066652, -42.01714010299997 -22.4471683026665, -42.02080979799995 -22.44162858166637, -42.02076727399998 -22.43883002166629, -42.01881689899994 -22.43634089966623, -42.01785590399992 -22.42838010066606, -42.01445594399996 -22.42587723866598, -42.01972509699993 -22.42782103166601, -42.02285064699998 -22.42469329666595, -42.03079123799994 -22.42418810966594, -42.03621077199994 -22.42798364366603, -42.03927644699996 -22.42644456766602, -42.04209810299994 -22.42795942866604, -42.04662609499997 -22.42396967166594, -42.04979984899995 -22.42447727366599, -42.05419924999995 -22.42305919666591, -42.05729663299996 -22.42428441666597, -42.06351677399992 -22.42277243566591, -42.06313165299996 -22.41951739866586, -42.05248512399992 -22.41261027566569, -42.04551625299995 -22.40332227366547, -42.04239056999995 -22.40148227066544, -42.03821798999996 -22.40137071566539, -42.03641848799997 -22.39887315666538, -42.03417135099995 -22.39842788766537, -42.03179745799997 -22.39362330866526, -42.02687175899995 -22.3915447306652, -42.02378883799997 -22.38794392066509, -41.99736253199995 -22.40029577266538, -41.99261926599996 -22.3964046786653, -41.98987767999994 -22.39802283566532, -41.98102636599997 -22.39625313466527, -41.97914441999996 -22.39567723466528, -41.97695826599993 -22.3919726616652, -41.96362026999996 -22.38806624966511, -41.96164808799995 -22.38884404966511, -41.95761066799997 -22.3877569136651, -41.95265657799997 -22.38906229466509, -41.94953673599997 -22.38684515266509, -41.94679061999995 -22.38942598966514, -41.94436153599997 -22.38436537466503, -41.94145802499997 -22.38269968066501, -41.94057311199999 -22.37788246366485, -41.93701476899997 -22.37675079166483, -41.93746530999993 -22.38233397966498, -41.93964336699997 -22.38484192766504, -41.94153110099995 -22.3913379846652, -41.93788454799994 -22.39463792466524, -41.93389781599995 -22.39494091066526, -41.93284790299997 -22.39643987066528, -41.92880198399995 -22.39744184066532, -41.91995922399997 -22.39544750266528, -41.90690974699993 -22.40001686066536, -41.90343380799992 -22.40512827766553, -41.89872974899998 -22.40652311666554, -41.89333066699993 -22.41183484866565, -41.88838401299994 -22.41449769566574, -41.88220614299995 -22.41486285466574, -41.87928702799996 -22.41787445766581, -41.86984662299994 -22.41940907466581, -41.86027100599994 -22.41862720566582, -41.85693548199998 -22.41614144766577, -41.85724230999995 -22.41391993266571, -41.85601732099996 -22.41381262066569, -41.85515267299996 -22.41084234666566, -41.83760849899994 -22.41139454766563, -41.82806342999992 -22.40826911166562, -41.81779024999998 -22.41703101866575, -41.83464011499996 -22.42870118366604, -41.85382041299994 -22.44805314166651, -41.85514792599997 -22.45153214666662, -41.85427817599997 -22.45428826566664, -41.85508689199997 -22.45628716866671, -41.85812339199998 -22.45784928666673, -41.86040076499995 -22.46319558366685, -41.85995825999998 -22.46609284766695, -41.86187705399993 -22.46819283766697, -41.85953864399993 -22.47016122066703, -41.86242636999997 -22.47291543366711, -41.86270484199996 -22.47578599266715, -41.86135062399995 -22.47704484266717, -41.86339148899997 -22.4762456646672, -41.86434516099996 -22.47868134866723, -41.86655768699995 -22.47752930866716, -41.87107810199996 -22.48116662266727, -41.87305030099997 -22.48110749666726, -41.87306555999992 -22.48441674466733, -41.87531622999995 -22.48385789266733, -41.87766989899995 -22.48593690266736, -41.87687644199996 -22.48792245266746, -41.88267478299998 -22.48877313066748, -41.88756140899994 -22.48577477766738, -41.89333304599995 -22.48845651066742, -41.91397818799994 -22.51288773766804, -41.92032202999997 -22.52367951766825, -41.92011222099995 -22.52642991266834, -41.92237814999992 -22.52667405566833, -41.92245444399998 -22.5288446166684, -41.92462882199994 -22.53071381766841, -41.92588385899995 -22.52965523966841, -41.92777213299996 -22.53108193766843, -41.93251761599998 -22.5375344976686, -41.93782386199996 -22.53636529266857, -41.93707570299995 -22.5334166426685, -41.94169577999996 -22.53163697566846, -41.94092521099998 -22.5297887526684, -41.94303854999998 -22.52813317666838, -41.95987280999997 -22.53294350866849, -41.96923789299996 -22.54306008566874, -41.97915592899994 -22.56245923766915, -41.98191359699995 -22.56152175866917, -41.98465178599997 -22.54859062366882, -41.98671217199995 -22.54586360366875, -41.98810081999993 -22.53400824266853, -41.99012854299996 -22.52999022966841, -41.99025274699994 -22.52505837766828, -41.98673793799997 -22.52165183166819, -41.99121122899992 -22.51021403666799, -41.99051807399997 -22.5043904956678)))"
3304557.0,Rio De Janeiro,33,RJ,"MULTIPOLYGON (((-43.70287937799997 -22.98522513967893, -43.70587983999996 -22.98673818867893, -43.70728813399996 -22.98673316767897, -43.70589597999999 -22.9859356446789, -43.70287937799997 -22.98522513967893)), ((-43.65294262599996 -23.00335947867931, -43.65276668499995 -23.00296184367935, -43.65243114299994 -23.00299178967932, -43.65240801299996 -23.00312532067936, -43.65294262599996 -23.00335947867931)), ((-43.65057887599994 -23.00260510967931, -43.65078607599997 -23.0025993056793, -43.65032373199995 -23.00222445967927, -43.65024183699995 -23.00251140367934, -43.65057887599994 -23.00260510967931)), ((-43.65977295399995 -22.9982148736792, -43.66067325699998 -22.99896941167923, -43.66141105999997 -22.99886383867924, -43.66123863099994 -22.99840188767919, -43.65977295399995 -22.9982148736792)), ((-43.66047775099997 -22.99958368867926, -43.66057906699994 -22.99990257367924, -43.66099445799994 -22.99986688267924, -43.66073155999992 -22.99950584967922, -43.66047775099997 -22.99958368867926)), ((-43.69523505999996 -22.9862678776789, -43.69526259799994 -22.98635520067892, -43.69623562099998 -22.98669885767894, -43.69588430699996 -22.98624216467896, -43.69523505999996 -22.9862678776789)), ((-43.78539665899995 -22.92886538167766, -43.78688773799997 -22.92643116867757, -43.78352041099997 -22.92557602167753, -43.78387784599993 -22.92797120667758, -43.78539665899995 -22.92886538167766)), ((-43.56883430599999 -23.08162202568112, -43.56918314499995 -23.08151125268109, -43.56909277299996 -23.0812949646811, -43.56881200299996 -23.08145468068114, -43.56883430599999 -23.08162202568112)), ((-43.56093779199994 -23.07961193368109, -43.55947436999997 -23.08115678268108, -43.56378630799996 -23.08193410468112, -43.56137574399998 -23.07873727568109, -43.56093779199994 -23.07961193368109)), ((-43.56513655499999 -23.05806095768057, -43.56585185799997 -23.05695520568056, -43.56555298399996 -23.0554197676805, -43.56488172999997 -23.05651913668057, -43.56513655499999 -23.05806095768057)), ((-43.56321746999998 -23.05450333468049, -43.56391220399995 -23.05464528768051, -43.56517286499997 -23.05325286668048, -43.56425570699997 -23.05335304968047, -43.56321746999998 -23.05450333468049)), ((-43.56350684799997 -23.05900241168059, -43.56398341799996 -23.05829463668059, -43.56344423099994 -23.05730635068059, -43.56294473999998 -23.05810208268059, -43.56350684799997 -23.05900241168059)), ((-43.57361362599993 -23.07262153968091, -43.57312226999994 -23.07323383568092, -43.57424036399993 -23.07330128568093, -43.57430329199996 -23.07279054668093, -43.57361362599993 -23.07262153968091)), ((-43.56573475599998 -23.05883508168058, -43.56582075399996 -23.05881654868063, -43.56579422499993 -23.05869399468061, -43.56570545399996 -23.05875541968061, -43.56573475599998 -23.05883508168058)), ((-43.50948466799996 -23.06561269268074, -43.51441118499997 -23.06538439668074, -43.51233412599998 -23.06153552268063, -43.51070286899995 -23.06132372568067, -43.51083072099994 -23.06287893868072, -43.50826640699994 -23.0638691456807, -43.50948466799996 -23.06561269268074)), ((-43.51104397099993 -23.06031180268062, -43.51215084599993 -23.06130840168066, -43.51272751799996 -23.06120890868068, -43.51232448699994 -23.06062785868065, -43.51104397099993 -23.06031180268062)), ((-43.50817955699995 -23.05261666468047, -43.50774139899994 -23.05334181768045, -43.50937231599993 -23.05415863168048, -43.50951152699997 -23.05305887068049, -43.50817955699995 -23.05261666468047)), ((-43.46906908899995 -23.03407793568005, -43.46753122099994 -23.03713206768011, -43.47092408999998 -23.03776665068015, -43.47032054699998 -23.03685227668007, -43.47201713199996 -23.03554022168007, -43.47087769999995 -23.03393263868004, -43.46906908899995 -23.03407793568005)), ((-43.31001801899997 -23.04731331568032, -43.31054306699996 -23.04716140868035, -43.31074754499996 -23.04653374868031, -43.31007429499992 -23.04667957568028, -43.31001801899997 -23.04731331568032)), ((-43.31019144599998 -23.04449412568028, -43.31047020399996 -23.0443995936803, -43.31022756499993 -23.04407353668023, -43.30998751899994 -23.04430806368028, -43.31019144599998 -23.04449412568028)), ((-43.19448203099995 -23.0671683676808, -43.19109775899994 -23.07076953768085, -43.19278488699995 -23.07410208068093, -43.19910378499997 -23.07146861068088, -43.19815182099995 -23.06903002368086, -43.19448203099995 -23.0671683676808)), ((-43.19869726399997 -23.07339630568094, -43.19832222699994 -23.07469978668093, -43.20047619199994 -23.07366342968093, -43.19979934099995 -23.07299814368092, -43.19869726399997 -23.07339630568094)), ((-43.20013244899997 -23.03755810068012, -43.20572482699998 -23.04013468468016, -43.20826786999992 -23.03986603968016, -43.20735913699996 -23.0378329946801, -43.20057913899995 -23.03655972568009, -43.19694960099997 -23.03451196568006, -43.20013244899997 -23.03755810068012)), ((-43.19555201199994 -23.03390946568004, -43.19624856199993 -23.03394814768002, -43.19462725099998 -23.03259556268002, -43.19471266599992 -23.03314057568, -43.19555201199994 -23.03390946568004)), ((-43.19311746999994 -23.03173105367997, -43.19375428799997 -23.03170338267996, -43.19263154899994 -23.03121455067996, -43.19274745199993 -23.03167451867996, -43.19311746999994 -23.03173105367997)), ((-43.19184644299997 -23.0291926276799, -43.19120994699994 -23.02998302767993, -43.19257902199995 -23.03021267767994, -43.19259112999998 -23.02912980367991, -43.19184644299997 -23.0291926276799)), ((-43.19121816399996 -23.02532403367982, -43.19005872299994 -23.02701916567987, -43.19525712299997 -23.0273683596799, -43.19333208899997 -23.02582300067983, -43.19121816399996 -23.02532403367982)), ((-43.20301227499993 -23.02532991767983, -43.20069247299994 -23.02682331467985, -43.20379554499993 -23.02726765067986, -43.20632234199996 -23.02609727267986, -43.20301227499993 -23.02532991767983)), ((-43.19584411899995 -22.8870926316767, -43.19564324999993 -22.88749719367668, -43.19765924799998 -22.88810963567673, -43.19779131699993 -22.88771480367667, -43.19584411899995 -22.8870926316767)), ((-43.17422835399998 -22.88289731867657, -43.17304297599998 -22.88385636067662, -43.17689809699993 -22.88430364267661, -43.17609181099994 -22.88304134067661, -43.17422835399998 -22.88289731867657)), ((-43.17453043899996 -22.83897511267557, -43.17563180599995 -22.83759179467551, -43.17570440299994 -22.8365899136755, -43.17298369399998 -22.83841809767552, -43.17453043899996 -22.83897511267557)), ((-43.18250765599998 -23.02233327067974, -43.18203737399994 -23.02343743167977, -43.18228439899996 -23.02379480967982, -43.18380048999995 -23.02172751367976, -43.18250765599998 -23.02233327067974)), ((-43.16879073899997 -22.79976208167469, -43.16847644899996 -22.80023929367466, -43.16928049999996 -22.80068265467467, -43.16931841399997 -22.80005449067469, -43.16879073899997 -22.79976208167469)), ((-43.16899524099994 -22.76877854067396, -43.16904814899993 -22.76876786267394, -43.16896793699993 -22.76869546567394, -43.16894318599998 -22.76872527667391, -43.16899524099994 -22.76877854067396)), ((-43.16862887999997 -22.76815692867391, -43.16871581999993 -22.76809114567394, -43.16860131299995 -22.76797296667392, -43.16857685299993 -22.76800607667392, -43.16862887999997 -22.76815692867391)), ((-43.16827023399997 -22.76726491367392, -43.16834039899992 -22.7672564446739, -43.16836710599995 -22.76720481067391, -43.16826722199993 -22.76719067967391, -43.16827023399997 -22.76726491367392)), ((-43.16910074899993 -22.76703593767389, -43.16912726799995 -22.76704013067388, -43.16917238199994 -22.76701342467393, -43.16910406399995 -22.76699708467391, -43.16910074899993 -22.76703593767389)), ((-43.16891414699995 -22.76707916867392, -43.16897364299995 -22.7670228116739, -43.16891856899996 -22.76695736267393, -43.16886463199995 -22.76701637567392, -43.16891414699995 -22.76707916867392)), ((-43.16871360899994 -22.76680278467389, -43.16875324999995 -22.76676694067392, -43.16868253299998 -22.76672075767392, -43.16866262699994 -22.76674515967393, -43.16871360899994 -22.76680278467389)), ((-43.16908974699992 -22.76670598467387, -43.16917936999994 -22.76669793767387, -43.16917339799995 -22.76662138467389, -43.16908950699996 -22.76661912567392, -43.16908974699992 -22.76670598467387)), ((-43.16852547799994 -22.7677955156739, -43.16836326199996 -22.76780292967392, -43.16828195399994 -22.76789660267391, -43.16846576199998 -22.76792097167395, -43.16852547799994 -22.7677955156739)), ((-43.16911938099997 -22.76689724267391, -43.16923488599997 -22.76683634267393, -43.16923010399995 -22.76677535967388, -43.16913884099995 -22.7668015366739, -43.16911938099997 -22.76689724267391)), ((-43.16826444799994 -22.76769759367393, -43.16821950799994 -22.76776571367392, -43.16831880099993 -22.76767410267392, -43.16831233099998 -22.76755901767389, -43.16826444799994 -22.76769759367393)), ((-43.16850550899994 -22.76749055867392, -43.16867479399996 -22.76740346067393, -43.16865772399995 -22.7673327746739, -43.16852517899997 -22.76736649867391, -43.16850550899994 -22.76749055867392)), ((-43.16920756799994 -22.76699697567388, -43.16923044499998 -22.76695964367391, -43.16918446899996 -22.76694615267388, -43.16917547199995 -22.76699142167389, -43.16920756799994 -22.76699697567388)), ((-43.16884455699994 -22.76730661267394, -43.16901110499997 -22.76757419267389, -43.16920096899997 -22.76744466467395, -43.16912296499999 -22.76714100067393, -43.16884455699994 -22.76730661267394)), ((-43.16915151699992 -22.76755128567392, -43.16913976199993 -22.76771260367391, -43.16936524799996 -22.7677634206739, -43.16941159699996 -22.76758958167393, -43.16915151699992 -22.76755128567392)), ((-43.16873632999994 -22.76761741467394, -43.16889595499997 -22.7675042356739, -43.16874340099997 -22.76738747467394, -43.16863340899993 -22.76753090367392, -43.16873632999994 -22.76761741467394)), ((-43.14824893799993 -23.0595842296806, -43.14285398499993 -23.06410213068073, -43.14232875099997 -23.06588714168076, -43.14782193099995 -23.06494432568072, -43.14818040299996 -23.06072882968065, -43.14990814699996 -23.0599871816806, -43.14824893799993 -23.0595842296806)), ((-43.14725021799995 -22.9618459646784, -43.14873467099994 -22.96556204967849, -43.15143007899996 -22.96673926167848, -43.14937413199993 -22.96515907367844, -43.15093467299994 -22.96457032967845, -43.15072302699996 -22.96310798367839, -43.14725021799995 -22.9618459646784)), ((-43.14603939699997 -22.93435782267778, -43.14656066099996 -22.93484445467778, -43.14730982599996 -22.93493984867775, -43.14729613799995 -22.93446961167775, -43.14603939699997 -22.93435782267778)), ((-43.14955408199995 -22.78665440467433, -43.14861647199996 -22.78704654867439, -43.15156313599993 -22.78758010667437, -43.15106833599998 -22.78691948767438, -43.14955408199995 -22.78665440467433)), ((-43.13782869499993 -22.78265331467428, -43.13715921099998 -22.78293627467426, -43.13747913299995 -22.78330158367431, -43.13835121699998 -22.78304482867429, -43.13782869499993 -22.78265331467428)), ((-43.14846899299993 -22.93548565267777, -43.14847851099995 -22.93531028867781, -43.14791677799996 -22.93506259567778, -43.14789773799998 -22.93523576767775, -43.14846899299993 -22.93548565267777)), ((-43.12328863699997 -22.80704547267485, -43.12425581599994 -22.80597821167481, -43.12256344599997 -22.80445310067476, -43.12224539099997 -22.80493130767478, -43.12328863699997 -22.80704547267485)), ((-43.10918579599996 -22.80160276367469, -43.11032304299994 -22.80185618367468, -43.11196677599997 -22.8031907356747, -43.10921419699997 -22.80001071367465, -43.10813144999998 -22.80084083567469, -43.10918579599996 -22.80160276367469)), ((-43.12320891199992 -22.79918723667465, -43.12373332699996 -22.79929822967463, -43.12355758099994 -22.79778402767462, -43.12271533599995 -22.79901354867464, -43.12320891199992 -22.79918723667465)), ((-43.11200791799995 -22.79700344667459, -43.11343861499994 -22.79731170167461, -43.11377441099994 -22.79639496667461, -43.11167553899997 -22.79570017367455, -43.11200791799995 -22.79700344667459)), ((-43.15220880999993 -22.79035801667446, -43.15234974699995 -22.79039518667445, -43.15222841899998 -22.79018136467446, -43.15215107399996 -22.7902847586744, -43.15220880999993 -22.79035801667446)), ((-43.09911272099998 -22.7885741226744, -43.10027772499996 -22.78931719267442, -43.10057686899994 -22.78896144367442, -43.09949067199994 -22.78825227667441, -43.09911272099998 -22.7885741226744)), ((-43.14044756099997 -22.78171240467424, -43.14040044199993 -22.78215252467427, -43.14050328899997 -22.78221438767424, -43.14089251199993 -22.78190560667425, -43.14044756099997 -22.78171240467424)), ((-43.10549414899998 -22.77674061167417, -43.10575168899992 -22.77777698367415, -43.10699993299993 -22.77692729267417, -43.10613843699997 -22.77649373067414, -43.10549414899998 -22.77674061167417)), ((-43.11460872499998 -22.76951889867395, -43.11441398899995 -22.76966777767394, -43.11534069699996 -22.77042469167399, -43.11512566899994 -22.76970531067396, -43.11460872499998 -22.76951889867395)), ((-43.11677796999992 -22.76887028967393, -43.11637999199995 -22.76921966867394, -43.11710103499996 -22.76947022567397, -43.11715882399994 -22.76918623467397, -43.11677796999992 -22.76887028967393)), ((-43.10198384199998 -22.76331145367383, -43.10230645899997 -22.76285581567381, -43.10175540799997 -22.76244793067379, -43.10152644599998 -22.76293901967379, -43.10198384199998 -22.76331145367383)), ((-43.12422028899992 -22.74839681667348, -43.12610478599998 -22.74722078667345, -43.12808760199993 -22.7483688546735, -43.12904365799994 -22.74666967067343, -43.12686207399997 -22.74613194667341, -43.12422028899992 -22.74839681667348)), ((-43.11707572599993 -22.80366205367477, -43.11786321999994 -22.80443101767476, -43.11961423499996 -22.80384734567474, -43.11790954299993 -22.80243912167472, -43.11707572599993 -22.80366205367477)), ((-43.13761341999997 -22.7760239576741, -43.13767648899994 -22.7766880316741, -43.13817658799996 -22.77660785067412, -43.13817892999997 -22.77732371167414, -43.13852189899995 -22.77727062267413, -43.13868059799994 -22.77649738667412, -43.13761341999997 -22.7760239576741)), ((-43.14100425799995 -22.7758505916741, -43.13958764099993 -22.77605875467413, -43.13915624499997 -22.77689092667415, -43.14158572899998 -22.77660543967415, -43.14100425799995 -22.7758505916741)), ((-43.12095695099998 -22.79625402567456, -43.12242021399992 -22.79714077067457, -43.12275288999995 -22.79635690867458, -43.12119830499995 -22.79569943267454, -43.12095695099998 -22.79625402567456)), ((-43.15483071799996 -22.79412485967453, -43.15485942399993 -22.7941203156745, -43.15486027099996 -22.79410082467452, -43.15481655799994 -22.79409111067453, -43.15483071799996 -22.79412485967453)), ((-43.15548967899997 -22.79184519967448, -43.15551018399998 -22.79184137567445, -43.15552069199997 -22.79182051267449, -43.15548845599994 -22.79182758567449, -43.15548967899997 -22.79184519967448)), ((-43.15539788899996 -22.79176834067448, -43.15540114699997 -22.79174641367447, -43.15537020799996 -22.79173370067447, -43.15537289399997 -22.79175432267449, -43.15539788899996 -22.79176834067448)), ((-43.15138744899997 -22.78928191367441, -43.15121854699998 -22.78969994267445, -43.15181661999998 -22.79072268367445, -43.15197392699996 -22.79022925867442, -43.15138744899997 -22.78928191367441)), ((-43.14922389299993 -22.78889389667439, -43.14867191199995 -22.7890282726744, -43.14858909899993 -22.7894559826744, -43.14934473299995 -22.78949446267439, -43.14922389299993 -22.78889389667439)), ((-43.10145723499994 -22.78992786267443, -43.10158988999996 -22.78981476267441, -43.10093299099997 -22.78935759667441, -43.10089723999993 -22.78960432667444, -43.10145723499994 -22.78992786267443)), ((-43.11856981899995 -22.75862143667371, -43.12051257399997 -22.75817922067368, -43.12090140799994 -22.75648516267365, -43.11715793599996 -22.75367288867363, -43.11453315999996 -22.75634927967364, -43.11856981899995 -22.75862143667371)), ((-43.10485663699995 -22.79028200767445, -43.10577942799995 -22.79147944967445, -43.10658519499998 -22.79138472067445, -43.10531164099996 -22.79016975067445, -43.10485663699995 -22.79028200767445)), ((-43.10384068599995 -22.79068793967445, -43.10458249899995 -22.79127387667445, -43.10463129699997 -22.79198504267449, -43.10504239199998 -22.79102658667444, -43.10384068599995 -22.79068793967445)), ((-43.15498693399996 -22.79412036967451, -43.15493455899998 -22.79409735067454, -43.15487643899996 -22.79411563867449, -43.15494118699996 -22.79416947367454, -43.15498693399996 -22.79412036967451)), ((-43.15490031799993 -22.79420908667455, -43.15493495699996 -22.79419811167454, -43.15494343999995 -22.79417462167454, -43.15488319899998 -22.7941780116745, -43.15490031799993 -22.79420908667455)), ((-43.11018205999995 -22.76443015767383, -43.11164880899997 -22.76081367667375, -43.10994788199996 -22.75866302167371, -43.11281352199995 -22.75406986467361, -43.10916468599998 -22.75178819067354, -43.10939838499997 -22.74895507167348, -43.10726533599995 -22.74976011467351, -43.10558405099994 -22.74865912167346, -43.10180930699995 -22.75199793067355, -43.10706177099996 -22.75508889367361, -43.10847683499998 -22.75779979367368, -43.10691429499997 -22.76322757767382, -43.10271372499995 -22.76339044567383, -43.10247873499998 -22.76509137767388, -43.10824321699993 -22.769989497674, -43.11435010599996 -22.76766540067391, -43.11069089299996 -22.76631148167386, -43.11018205999995 -22.76443015767383)), ((-43.56644193499994 -23.06141613968067, -43.56775393199996 -23.06309288268071, -43.57689524899995 -23.05631378368053, -43.58442897399993 -23.05390430168048, -43.60607674499992 -23.05051065968041, -43.63036298599997 -23.05026513268038, -43.66779708999997 -23.05305891568047, -43.66663827299993 -23.04257268068026, -43.66370372899996 -23.04074342168017, -43.66069538399994 -23.04093669968016, -43.64308656399992 -23.03589327568008, -43.61952825399993 -23.03290706767999, -43.61400814599995 -23.03098185367997, -43.60580133899997 -23.03381416468006, -43.60398126499996 -23.03870663668014, -43.60093964899994 -23.04052617568018, -43.59301689599994 -23.04291777068025, -43.58863011999994 -23.04299567068026, -43.58614060299993 -23.0456031626803, -43.57793496299995 -23.04766591068037, -43.56755754499994 -23.05397612368044, -43.56593369399996 -23.05753783368058, -43.56750203399996 -23.05805275668056, -43.56832964699998 -23.0596109976806, -43.56644193499994 -23.06141613968067)), ((-43.59918307699996 -23.02816852267988, -43.59360311799997 -23.03385494168004, -43.58141261899993 -23.03979866868014, -43.57848049899996 -23.04609016368033, -43.58188662199996 -23.04554201668031, -43.58582834199995 -23.04235811668021, -43.58965022799998 -23.04065604568018, -43.60227779399997 -23.03904400168016, -43.60402173199997 -23.02910030667995, -43.60261467999993 -23.02900763067992, -43.60009021099995 -23.02760177167992, -43.59918307699996 -23.02816852267988)), ((-43.57797950299994 -23.04268135868025, -43.57765807399993 -23.04398061368028, -43.57920647499998 -23.04447605768025, -43.58043647999995 -23.04039076468015, -43.58144706999997 -23.03905699268013, -43.58830494799997 -23.03565273268007, -43.58489653699996 -23.03574435268006, -43.57967848199996 -23.03999738468016, -43.57797950299994 -23.04268135868025)), ((-43.60453649199996 -23.03070164967998, -43.60529284699992 -23.03315589668005, -43.61176874099994 -23.03047590967995, -43.60957703999997 -23.02951621367994, -43.60453649199996 -23.03070164967998)), ((-43.60265300999998 -23.02891264267992, -43.60446965099994 -23.02707189567987, -43.60247169899997 -23.02628261067986, -43.60012897099995 -23.02734703267989, -43.60265300999998 -23.02891264267992)), ((-43.58859180799993 -23.0422316086802, -43.59251495599994 -23.04269158268026, -43.59417267299995 -23.04207333768023, -43.59165951899995 -23.04132755868023, -43.58859180799993 -23.0422316086802)), ((-43.56577231599993 -23.05151688468042, -43.56446956099995 -23.05229853768046, -43.56949141299998 -23.05098864368045, -43.56890606599995 -23.05076021668041, -43.56577231599993 -23.05151688468042)), ((-43.58563397799998 -23.0447733106803, -43.58684005499997 -23.04436812868029, -43.58832848699994 -23.04218404568021, -43.58648379299995 -23.04292715468027, -43.58563397799998 -23.0447733106803)), ((-43.56603385599993 -23.05800043368059, -43.56711420299995 -23.0595361766806, -43.56751822099994 -23.0595360246806, -43.56736406899994 -23.05813075768059, -43.56603385599993 -23.05800043368059)), ((-43.58300903199994 -23.04537375568029, -43.58408735299997 -23.04503979268028, -43.58460513799997 -23.04411302968026, -43.58361541999993 -23.04438449168028, -43.58300903199994 -23.04537375568029)), ((-43.57052744299995 -23.04962953768036, -43.56947882999997 -23.04986661568037, -43.56920710299994 -23.05044472068043, -43.57034689999995 -23.05037542068042, -43.57052744299995 -23.04962953768036)), ((-43.56614249099992 -23.05887311468058, -43.56585432999998 -23.05871170768057, -43.56606128899995 -23.05909554768062, -43.56653235799995 -23.0590654866806, -43.56614249099992 -23.05887311468058)), ((-43.59288058199996 -23.04135651268017, -43.59333911599998 -23.04142389068023, -43.59345795099995 -23.04127122168016, -43.59297189299996 -23.0410317876802, -43.59288058199996 -23.04135651268017)), ((-43.56935408199996 -23.05090142768039, -43.56959964199996 -23.05079102068041, -43.56906473999992 -23.05073772068042, -43.56919037499994 -23.05079863568043, -43.56935408199996 -23.05090142768039)), ((-43.56750913199994 -23.06000517068063, -43.56766262499997 -23.05991500468062, -43.56756615399996 -23.05968142368064, -43.56741674299996 -23.05977544068061, -43.56750913199994 -23.06000517068063)), ((-43.30386484899997 -23.03655566568012, -43.30259370799996 -23.03843810068012, -43.30794463899996 -23.0387091396801, -43.30674375199992 -23.03741215068013, -43.30386484899997 -23.03655566568012)), ((-43.31569999799995 -23.0374974926801, -43.31589787299998 -23.03767802168014, -43.31677318799995 -23.0373663076801, -43.31635858599997 -23.03718664068011, -43.31569999799995 -23.0374974926801)), ((-43.29939392699998 -23.03120398167998, -43.29809596599995 -23.03368456568, -43.29931481899995 -23.03424531368, -43.30135105299996 -23.03315201668002, -43.30109971099995 -23.03157259467998, -43.29939392699998 -23.03120398167998)), ((-43.30480410499995 -23.03395044368005, -43.30477480799993 -23.03411654768001, -43.30499259199996 -23.03408111668006, -43.30488632799995 -23.03385329568004, -43.30480410499995 -23.03395044368005)), ((-43.30567443899997 -23.03324107768002, -43.30524483099998 -23.03336775867999, -43.30554149699997 -23.03372816868007, -43.30577841499996 -23.03336567468003, -43.30567443899997 -23.03324107768002)), ((-43.25833250499994 -22.82453783167521, -43.25748683099994 -22.82610794467525, -43.25920357599995 -22.82661900167531, -43.25992207799993 -22.82509108367524, -43.25833250499994 -22.82453783167521)), ((-43.25527020399994 -22.8241992396752, -43.25461811299993 -22.82463251167523, -43.25466149799996 -22.82531945367525, -43.25551029099995 -22.8246124806752, -43.25527020399994 -22.8241992396752)), ((-43.25449515899992 -22.82546273167526, -43.25417009099993 -22.82559863467526, -43.25416627799995 -22.82576341667528, -43.25426210899997 -22.82576129767522, -43.25449515899992 -22.82546273167526)), ((-43.16785209499994 -22.7675518806739, -43.16776035999993 -22.7676769676739, -43.16804419899996 -22.76770434167392, -43.16801819299997 -22.76740353167391, -43.16785209499994 -22.7675518806739)), ((-43.16769861199998 -22.76803314967394, -43.16751641099994 -22.76873292767395, -43.16803845299994 -22.76908985767398, -43.16846663699993 -22.76846156167396, -43.16769861199998 -22.76803314967394)), ((-43.27526375599995 -23.02962819067995, -43.27596644999994 -23.03067195467996, -43.27842877199998 -23.03018287567997, -43.27618190899993 -23.02886553167991, -43.27526375599995 -23.02962819067995)), ((-43.20878283299993 -22.89112779067674, -43.20915336399997 -22.89194272467675, -43.20948498899998 -22.89086929267672, -43.20866262199996 -22.88950559967673, -43.21075021399997 -22.88671210967667, -43.20788757499997 -22.88728416467665, -43.20736481899995 -22.8891415536767, -43.20878283299993 -22.89112779067674)), ((-43.21717695499995 -22.87032808867627, -43.22000908499997 -22.86964057467627, -43.22194591699996 -22.87074298067626, -43.22770194899994 -22.86699534367617, -43.23171566199994 -22.8664333836762, -43.23246197599996 -22.8630672706761, -43.23606085699997 -22.86139915967608, -43.23649966399994 -22.85394841267593, -43.24096580499997 -22.84668727967576, -43.23996964799993 -22.84232470567563, -43.24321456499995 -22.83973072367558, -43.24247687199993 -22.83704570767551, -43.23757895299996 -22.83923893667556, -43.23229624499992 -22.83861428967558, -43.23158141799995 -22.83613648267552, -43.22344271899993 -22.8395232376756, -43.21983991499996 -22.84480393267566, -43.22167116599996 -22.84866582067578, -43.22416232499994 -22.84659742967571, -43.22246137299992 -22.84319325767565, -43.22487419899993 -22.84156982567562, -43.23107633599994 -22.84379523267564, -43.23239719499997 -22.84724980967574, -43.23052170399995 -22.85163302567584, -43.22379382399998 -22.85826305167599, -43.21810228499993 -22.85886968967602, -43.21521762899994 -22.85717394867599, -43.21246511899994 -22.85852688667598, -43.20838740199996 -22.85835855467601, -43.20900616199998 -22.86036451967607, -43.21447332699995 -22.85968830367601, -43.21951126999993 -22.86176624567608, -43.21804994999997 -22.86338324067614, -43.21667335899997 -22.86176292467606, -43.21427050599993 -22.86599978667621, -43.21461387999994 -22.86976923267626, -43.21717695499995 -22.87032808867627)), ((-43.16670508099996 -22.89730480467687, -43.16699490999996 -22.89688214767686, -43.16570412999994 -22.89681845967691, -43.16585308199995 -22.89701689267688, -43.16670508099996 -22.89730480467687)), ((-43.15759442299997 -22.80035899467469, -43.15784944599994 -22.80026279067469, -43.15769066799993 -22.79985097267465, -43.15732267299994 -22.80016368667467, -43.15759442299997 -22.80035899467469)), ((-43.15885971699997 -22.91260576867721, -43.15781244699997 -22.91262636367727, -43.15868654399998 -22.91422075667729, -43.16136624499995 -22.91642277367736, -43.16063357099995 -22.91294965267726, -43.15885971699997 -22.91260576867721)), ((-43.17149561699994 -22.89418366467685, -43.16734314999997 -22.89549739767683, -43.16817257499996 -22.89751916367691, -43.17174472799996 -22.89772173267695, -43.17134626199993 -22.89866102367692, -43.17495909399997 -22.89751990267689, -43.17589110999995 -22.89556424967687, -43.17471775699993 -22.89314796067682, -43.17149561699994 -22.89418366467685)), ((-43.15498693399996 -22.79412036967451, -43.15562174299997 -22.79464553167455, -43.15596390299998 -22.79461202067452, -43.15576110699993 -22.79454061667452, -43.15576505999996 -22.79339559267453, -43.15498693399996 -22.79412036967451)), ((-43.15594547399996 -22.79451253467456, -43.15601670399995 -22.79440389167452, -43.15595358199994 -22.7943223476745, -43.15587109299997 -22.79438384067455, -43.15594547399996 -22.79451253467456)), ((-43.15579111199997 -22.79472634167455, -43.15585777599993 -22.7946624606745, -43.15583210099992 -22.79462616467454, -43.15574481699996 -22.79469054167455, -43.15579111199997 -22.79472634167455)), ((-43.15549954299996 -22.79465122767455, -43.15553040799994 -22.79460729167456, -43.15544847299996 -22.79459822267451, -43.15544490099995 -22.79462697267453, -43.15549954299996 -22.79465122767455)), ((-43.15580661199993 -22.79405045767455, -43.15581800799998 -22.79403629467454, -43.15580101299997 -22.79402315267454, -43.15579757699992 -22.79404064467454, -43.15580661199993 -22.79405045767455)), ((-43.16168308499993 -22.81513193067501, -43.16488303499994 -22.81376417367501, -43.16504248899996 -22.81207985467492, -43.16150032099994 -22.81157406967494, -43.16069888199996 -22.81459428067499, -43.16168308499993 -22.81513193067501)), ((-43.16278708699997 -22.82031927267512, -43.16314077399994 -22.8198648286751, -43.16288750899997 -22.81948153667511, -43.16266578399995 -22.81939462467515, -43.16278708699997 -22.82031927267512)), ((-43.16738653099997 -22.82934578167534, -43.16760376199993 -22.82924476467533, -43.16719316099994 -22.82913193667533, -43.16717041099997 -22.82932530667532, -43.16738653099997 -22.82934578167534)), ((-43.16002821299997 -22.77004429367397, -43.15614721399992 -22.77321587867408, -43.15363571199998 -22.77308515967404, -43.15279325999995 -22.77168669567403, -43.15205712199997 -22.77414138267408, -43.15443511599995 -22.77543662767412, -43.15984090599994 -22.77549500367409, -43.16023588399997 -22.77186842567404, -43.16232947999998 -22.77161414367401, -43.16002821299997 -22.77004429367397)), ((-43.15547951199994 -22.79208776567448, -43.15553255299994 -22.79199914867446, -43.15542013099996 -22.79198686667447, -43.15541628399995 -22.7920527146745, -43.15547951199994 -22.79208776567448)), ((-43.15556785599995 -22.79190758167449, -43.15562288199992 -22.79189174467447, -43.15560579199996 -22.79184075567448, -43.15553915699996 -22.79183861167446, -43.15556785599995 -22.79190758167449)), ((-43.15567985299998 -22.79195143267448, -43.15570671799997 -22.79193664367446, -43.15569269999997 -22.79187745267447, -43.15561671699994 -22.79190952067447, -43.15567985299998 -22.79195143267448)), ((-43.15570884099997 -22.79177879967445, -43.15573359199993 -22.79170083867444, -43.15567454899996 -22.79168505667447, -43.15567841999995 -22.79172765567444, -43.15570884099997 -22.79177879967445)), ((-43.15552707199998 -22.79196613867447, -43.15557459799993 -22.79195707967447, -43.15557357899996 -22.79192274867446, -43.15549939199995 -22.79193149967444, -43.15552707199998 -22.79196613867447)), ((-43.15575044999996 -22.79209461467448, -43.15576135999999 -22.79204715467445, -43.15569639199997 -22.79207767467446, -43.15569916099997 -22.79208994267449, -43.15575044999996 -22.79209461467448)), ((-43.15578337299997 -22.79185587167447, -43.15582054299994 -22.79183683067448, -43.15580387799996 -22.79180927167451, -43.15577204999994 -22.79181100867449, -43.15578337299997 -22.79185587167447)), ((-43.15552759699994 -22.79190452967449, -43.15554010399995 -22.79189790567444, -43.15551763599994 -22.79188478467446, -43.15551085299995 -22.79190027467446, -43.15552759699994 -22.79190452967449)), ((-43.26888610599996 -22.81924877767508, -43.26539981699993 -22.82577783567525, -43.25590681999994 -22.83413676767546, -43.25491225299992 -22.8364510006755, -43.24323603999994 -22.84225569567563, -43.23652963799998 -22.86202819567606, -43.23365182099996 -22.86371881067615, -43.23243751099994 -22.86920719867626, -43.23001612199994 -22.86778752267624, -43.22620963799994 -22.86915349767626, -43.22666705299996 -22.87412490067638, -43.22472976499994 -22.87530114567641, -43.22411601399995 -22.87367245567636, -43.22262325399998 -22.87311889767637, -43.22157981499998 -22.87434784167639, -43.22138772599993 -22.87290850467633, -43.21888345899998 -22.87210506367629, -43.21818850299996 -22.87341154767633, -43.21974597799994 -22.87537087167641, -43.21701700699997 -22.87579944767641, -43.21653644599996 -22.87355434167632, -43.21273201699994 -22.87282093167637, -43.21380876799998 -22.87116907667628, -43.20991878599994 -22.86699910167622, -43.20443214799997 -22.87170539167635, -43.20138574799996 -22.87146088667632, -43.21597240799997 -22.88634385067665, -43.21084373899998 -22.89760642467689, -43.19588618499994 -22.89203734967678, -43.19078301499995 -22.8921138846768, -43.18082917399993 -22.89547611267689, -43.17906619599995 -22.89228055667677, -43.17952731399998 -22.89563682067684, -43.17702375599999 -22.89587651267687, -43.17334663499997 -22.90208070767703, -43.16924169499998 -22.90455961267708, -43.16178974999997 -22.90478451067707, -43.16164203899995 -22.91678962367733, -43.16566527199995 -22.9156230746773, -43.16721660099995 -22.91769090867736, -43.16605518999994 -22.91543024167732, -43.16929828599996 -22.91428363767733, -43.17270994099993 -22.91660672767732, -43.17161305999996 -22.91977596667742, -43.16942039799994 -22.9191287886774, -43.16956838999993 -22.91676244267731, -43.16755716999995 -22.91914630667741, -43.17126915499994 -22.93240759067771, -43.17111641699994 -22.93512669467778, -43.16916379599996 -22.93581578767779, -43.16863409299997 -22.93871591367785, -43.17425525499992 -22.94419252467798, -43.17866151099997 -22.94302326867794, -43.18052393699998 -22.94715285467807, -43.17968937099993 -22.94872198167808, -43.16999521799994 -22.95231057767814, -43.16513606499995 -22.94771113167804, -43.16322133499994 -22.94773747767807, -43.16384923999993 -22.945938151678, -43.16198555699998 -22.94337511367794, -43.15805888699998 -22.94344916867798, -43.15774765499997 -22.94116123867791, -43.15169564399997 -22.93873350367788, -43.15114077299994 -22.94065038467792, -43.15452740499995 -22.94199687567794, -43.15579444099995 -22.94418091167795, -43.15494347499999 -22.94702481167803, -43.15098546799993 -22.94892217967811, -43.15023500899997 -22.95092864267813, -43.15659526599995 -22.9533049456782, -43.16094018899997 -22.95283600067816, -43.16444094799994 -22.95472348467821, -43.16433663099997 -22.95640954467825, -43.15968058999994 -22.95768815167829, -43.16044790399995 -22.96111156567836, -43.15867743599995 -22.96310025167842, -43.15959599899998 -22.96441453067841, -43.16254846399993 -22.96527400267844, -43.16477321499996 -22.96359550567842, -43.16719729099997 -22.96389264367844, -43.18356581599994 -22.97272202967865, -43.18773496899995 -22.97729058667878, -43.18930564899995 -22.98203866867887, -43.18815768199993 -22.98578691867894, -43.18352369199993 -22.98601490767895, -43.18921691799994 -22.98820894067898, -43.19011560099994 -22.99069644667904, -43.19524655499998 -22.98843323167895, -43.20708232399993 -22.98722812567894, -43.21967193599995 -22.98713689667899, -43.22666804999994 -22.98853695167899, -43.22695679199995 -22.99018369267903, -43.23171348699998 -22.99143984367906, -43.23314472699995 -22.99360384667908, -43.23184301299995 -22.99516626467916, -43.23396828999995 -22.99516847467916, -43.24078145599998 -23.00041508667928, -43.24565063099993 -23.00104105067929, -43.25206978899996 -22.99911098167922, -43.27472691299994 -23.0022769726793, -43.27719910799993 -23.00570739467937, -43.28158500199999 -23.00626638167935, -43.28690784399998 -23.00989376567948, -43.28550114099994 -23.01499652967961, -43.28643267699992 -23.01644978667963, -43.28738450799994 -23.0148424326796, -43.29502327099993 -23.01685318467965, -43.29687332599998 -23.01588390967963, -43.30705569599996 -23.01600026767964, -43.34118034599993 -23.01118405667948, -43.38790206599998 -23.01311269867952, -43.41980189099995 -23.01764458667965, -43.44559638399993 -23.02291830067979, -43.46630452399995 -23.0291912346799, -43.47069815999998 -23.03325053967999, -43.47759075399995 -23.03173497868, -43.49280093699996 -23.03531814668005, -43.49752501299997 -23.03782190668014, -43.49824524199994 -23.0371333966801, -43.50044746399993 -23.04110775368018, -43.50302997499995 -23.04012145368019, -43.50660803999995 -23.04203822768024, -43.50683652099995 -23.04567007268028, -43.50853518399997 -23.04757382968032, -43.53521467299998 -23.05081366568042, -43.53636520899993 -23.05207594868047, -43.53503885899993 -23.05392195068049, -43.53688058199997 -23.05605632368052, -43.53985662699994 -23.05635565368055, -43.54209844899997 -23.05911858468063, -43.54538209799994 -23.05881108468058, -43.54893181099993 -23.06070756568066, -43.55005214099999 -23.06309545268071, -43.54774375799996 -23.06463343568072, -43.55170798899996 -23.06642315368077, -43.55129785099996 -23.06885076068084, -43.55279942899994 -23.07151991168087, -43.54882237099997 -23.07331740768089, -43.55183268999997 -23.07618262168097, -43.55368660399995 -23.07606051968098, -43.55413680699995 -23.07264329768091, -43.56301485699997 -23.07564255168096, -43.56624371199996 -23.07528657568096, -43.56682137899997 -23.07357515768091, -43.57244211199997 -23.0732647326809, -43.56772327999994 -23.07145772768086, -43.56908898399996 -23.06629344768078, -43.56159857699998 -23.05815111468057, -43.56282569399996 -23.05688625168057, -43.56237301299996 -23.05315635268049, -43.56441430899996 -23.0513169136804, -43.56859624299994 -23.05065509568042, -43.56902645399999 -23.05044144368042, -43.56936648399994 -23.0499129886804, -43.56978707499996 -23.04962439368038, -43.57184449099998 -23.04899680168036, -43.57354608799994 -23.04724263068035, -43.57807453199996 -23.0456080806803, -43.57717128899996 -23.04364995368023, -43.57965771299996 -23.03963152468016, -43.58537950999994 -23.03519279368008, -43.58941321099997 -23.03505836668003, -43.59425733599995 -23.03239486368, -43.59956404599995 -23.02288356667978, -43.60728808799996 -23.02157530067973, -43.61410266399997 -23.01763014167963, -43.62291588599993 -23.00787020667942, -43.62426961299997 -23.00854303867946, -43.63218791999998 -23.0056032996794, -43.63856362899998 -23.00624577367937, -43.64322551299995 -23.00111725067926, -43.64603014499995 -23.00201646067927, -43.64793982399993 -23.00089949067925, -43.65320039399995 -23.00277505967929, -43.65263018899996 -23.00062283867929, -43.65422731499995 -23.00004139767926, -43.65897205799996 -22.99164380167905, -43.66592958899997 -22.98532575567891, -43.67427906099993 -22.98030944067878, -43.67982901499994 -22.9808719406788, -43.68747583199996 -22.98599678267895, -43.68947540999994 -22.99190271367905, -43.69582846599997 -22.98461044267889, -43.70060320499994 -22.98570352067892, -43.70447552499996 -22.97791021467875, -43.71096374499996 -22.97057898067859, -43.71414490599995 -22.96903837367853, -43.71963530099998 -22.9730222236786, -43.71851869499993 -22.97200214567865, -43.72021663299994 -22.97089769967862, -43.71785960399994 -22.96958582867853, -43.71870235399995 -22.96669633167852, -43.72465286399994 -22.96070314567837, -43.73158454299994 -22.95791021267828, -43.74525306499999 -22.94650050567803, -43.76562705599996 -22.93628888667777, -43.76839501399996 -22.93263975367769, -43.77404406099998 -22.93276008267771, -43.78101820499995 -22.92827942067761, -43.78093694899996 -22.92700573867757, -43.78432785399997 -22.92427106067754, -43.78996420399994 -22.92570330267752, -43.79610192399996 -22.91911296067738, -43.79602575099994 -22.91707533467735, -43.79074706499994 -22.91432925167731, -43.79224960799996 -22.90831274767717, -43.79535562499995 -22.90673086567708, -43.79480750399994 -22.90353140267704, -43.78982051599996 -22.90356033667704, -43.78834787099998 -22.90060806667698, -43.78468740099999 -22.90397668267703, -43.78432094999994 -22.90008540667697, -43.78167954799994 -22.89929545967697, -43.78021126799995 -22.89470182967682, -43.77827506699997 -22.89618213967689, -43.77515589899997 -22.89580134867688, -43.77459944399994 -22.89272007667676, -43.77304747799997 -22.89250219167677, -43.76672712599998 -22.89526778367686, -43.75161912599999 -22.88873583767671, -43.75071507199993 -22.88775653567666, -43.75219785499996 -22.88058399567652, -43.74822711399997 -22.87793319467649, -43.74126625299994 -22.87712851567645, -43.73434520799999 -22.8783253546765, -43.72689030599997 -22.87303908567636, -43.71760076299994 -22.87248720567635, -43.71153013499997 -22.86677534867623, -43.70652413699997 -22.86861319967628, -43.69737962099998 -22.86473539867613, -43.68972086899998 -22.86524117667613, -43.68105339399994 -22.86267739867609, -43.67698317799994 -22.86550616967618, -43.67298384599997 -22.86383376767613, -43.66999690899996 -22.86525500767619, -43.66513489199997 -22.86515494967615, -43.65835262099995 -22.86326849467611, -43.64955320599995 -22.85713268867599, -43.64413092599995 -22.85573343267595, -43.62348064499997 -22.8628140876761, -43.59656213999995 -22.85775697867597, -43.59294391399993 -22.86049929167604, -43.58846596499995 -22.83869311567554, -43.55938690599993 -22.82888473767532, -43.52180468299997 -22.82254786867519, -43.49006231699997 -22.81551492867503, -43.48489964699996 -22.83070763267534, -43.46921802099995 -22.84041096967559, -43.45813140799998 -22.84903711867579, -43.42699043999993 -22.8368806026755, -43.42408785299994 -22.83246446067544, -43.42180194299992 -22.83246446067544, -43.41486022099997 -22.82122101667518, -43.41086132099997 -22.82016272267514, -43.40776162399994 -22.82117150167519, -43.39023765899997 -22.81366098067499, -43.38780620599994 -22.814799363675, -43.38485254099992 -22.813997694675, -43.38287111099998 -22.81187981167495, -43.37684011799996 -22.81081660567491, -43.37576554099996 -22.80849972567484, -43.37024198699999 -22.80536696367482, -43.36163472299995 -22.80443184467478, -43.35761434299996 -22.80261956567471, -43.34846476999996 -22.80376927167476, -43.30699509399994 -22.79999443667467, -43.30394012999994 -22.8013064826747, -43.30303114299993 -22.80380112967475, -43.30026641199998 -22.80419149367478, -43.29920788299994 -22.8065783726748, -43.29572096399993 -22.80630855167482, -43.29118931399994 -22.81003516067487, -43.28851881599996 -22.81018982367492, -43.28702442199994 -22.80823880967483, -43.27911658799996 -22.80742934667481, -43.27687499699993 -22.80385940767476, -43.27264198899996 -22.80336850867473, -43.27241400199995 -22.8094482096749, -43.27354177299998 -22.81015216867488, -43.26888610599996 -22.81924877767508)), ((-43.21042680599992 -22.79218609867448, -43.20543446499993 -22.79551806467456, -43.19848628399995 -22.79360160267453, -43.19442298999996 -22.79511310167457, -43.19174825999993 -22.79458050167451, -43.19267540999992 -22.79632715967455, -43.19125194799994 -22.79645010767456, -43.18858405899994 -22.79456950267453, -43.18941729599994 -22.7925100456745, -43.18834248999997 -22.78848110867437, -43.19161966599995 -22.78776001267439, -43.19033498999993 -22.78784688867436, -43.18940012499996 -22.78318581067429, -43.18566824499992 -22.78469801767434, -43.18285576299996 -22.78148050467422, -43.18193323599996 -22.78344830167428, -43.17922290599994 -22.78341660467428, -43.17673518099996 -22.78120442667422, -43.17574041999995 -22.77716772967411, -43.17225024899993 -22.77564889467412, -43.17130207699994 -22.77698411767411, -43.17319031399995 -22.77926289567416, -43.17034849999992 -22.78293221067427, -43.16798728599997 -22.78241979967426, -43.16936711299996 -22.78114998867425, -43.16666582799996 -22.77923869467418, -43.16626669399993 -22.77723612467415, -43.15653845299994 -22.77917090967418, -43.15627465699998 -22.78622505967434, -43.16917063299996 -22.79316340767449, -43.17521121199997 -22.8011807446747, -43.17835213099993 -22.80206110067471, -43.17728002499996 -22.81064478367488, -43.17494644699997 -22.81253786767494, -43.17650900299997 -22.81543148567505, -43.17498461199994 -22.8197431266751, -43.16984082099997 -22.82173056267516, -43.16545461999993 -22.82006496567514, -43.16379495099994 -22.82248176167517, -43.16818557099998 -22.82473383167522, -43.17019065199997 -22.83124397567538, -43.17370185899993 -22.8311618366754, -43.17467416699997 -22.82924414067535, -43.17303898299996 -22.8287182206753, -43.17264615399995 -22.82529703067523, -43.17552664199996 -22.8237780116752, -43.17676176899993 -22.82510011667521, -43.17581581999995 -22.8272177356753, -43.18473730699998 -22.83358412967545, -43.18456424699996 -22.83005550467536, -43.18964179599993 -22.82872179267532, -43.18771561099992 -22.82662030767525, -43.19112227199997 -22.8203097976751, -43.19644720499998 -22.81885286367511, -43.20393759499994 -22.82020856367512, -43.20675802999994 -22.81830558867505, -43.20859432399994 -22.81864379867511, -43.21069627899994 -22.8180598366751, -43.20906751799998 -22.81834851467513, -43.20839990399997 -22.81622998167502, -43.20974648199996 -22.81716693567505, -43.21022313199995 -22.81565259567503, -43.21452111699994 -22.81776037167508, -43.21681698399993 -22.81718079167506, -43.22114480499994 -22.8195887006751, -43.22091039699995 -22.82099320767515, -43.22239967299998 -22.81900022367508, -43.22671885199998 -22.82066275667511, -43.23765453599997 -22.83273806967541, -43.24155433699998 -22.83394278267545, -43.24753153199998 -22.83107101667538, -43.24882491499994 -22.82878778567535, -43.25150993899994 -22.82853210767531, -43.25176096299998 -22.82605536167523, -43.25000534399992 -22.82541198367528, -43.24999669199996 -22.82371735667523, -43.25865503099992 -22.81960219867509, -43.26567529499994 -22.81284980367495, -43.26424591299996 -22.80829975167485, -43.26032751799993 -22.80419251367477, -43.26174184099994 -22.80350993567476, -43.25668812799994 -22.79740079067463, -43.25220365799998 -22.79732109467464, -43.24484832099994 -22.7918680266745, -43.23388425299998 -22.79157067267449, -43.22860762099998 -22.78754485767437, -43.22878078699994 -22.78439444267431, -43.23088213899995 -22.78438379667429, -43.22772048499996 -22.78358740367428, -43.22044686299995 -22.78465449667434, -43.21303431599994 -22.78909351867441, -43.21042680599992 -22.79218609867448)))"
3304607.0,Santa Maria Madalena,33,RJ,"MULTIPOLYGON (((-42.07959667299996 -21.93696091765448, -42.07545365599997 -21.93618576965445, -42.07818627199998 -21.93198124465434, -42.07358393299995 -21.92498655965417, -42.07364146199994 -21.92210921865413, -42.07510081999992 -21.92137501165412, -42.07340779199995 -21.91895655165404, -42.07655715699996 -21.91675050965398, -42.07647812499994 -21.91483819665396, -42.07319966599993 -21.91381877565395, -42.06875814499995 -21.91567826965397, -42.06798230499993 -21.91858050865404, -42.06628844999994 -21.91743197265403, -42.06434982499996 -21.91902116765409, -42.06226202599998 -21.91854828465401, -42.05671739799993 -21.91014262165386, -42.05398662399994 -21.9083267666538, -42.04293422499995 -21.89011360665336, -42.03600717699993 -21.88807741765334, -42.03417441099997 -21.88636001765326, -42.03144243099995 -21.87529174065303, -42.02571733299992 -21.86708147465284, -42.02171504899996 -21.86733597765285, -42.02103018199994 -21.86358199765276, -42.02621531099993 -21.86436228065275, -42.02442788499997 -21.86167511965271, -42.01780016899993 -21.85857584765261, -42.01869920899998 -21.85523732365256, -42.01458836299996 -21.85308338165251, -42.01193135799997 -21.84869192965241, -42.00882421399995 -21.84663897565234, -42.00429292399997 -21.84598935065232, -42.00418079799993 -21.84299464665226, -42.00146356199997 -21.83949040165218, -42.00526634699997 -21.83864343665211, -42.00545100999994 -21.83740041065208, -41.99512727499996 -21.82529008765179, -41.98821968799995 -21.8213593646517, -41.98658810099994 -21.81776857265166, -41.98345083399994 -21.81634440765162, -41.97808212699993 -21.80975005065143, -41.97364097999996 -21.8071965496514, -41.97411041899993 -21.80410321365134, -41.97234506799998 -21.8030878156513, -41.97005651299997 -21.80520668065137, -41.97098337599992 -21.81150083465149, -41.96782082799996 -21.81709905065163, -41.96520297899997 -21.82776489065189, -41.96135223699996 -21.83200977665198, -41.96148402699998 -21.83393445265201, -41.95676362499994 -21.83414437565201, -41.95727337399995 -21.83537928365206, -41.95551836799996 -21.83574706765206, -41.95695275399998 -21.83670643965209, -41.95628343999993 -21.84132810865222, -41.95488877699994 -21.84149374465218, -41.95370286099995 -21.84396420965228, -41.95517009299993 -21.84802424065239, -41.95206785599998 -21.85589321365253, -41.94991065099998 -21.85604937865257, -41.94936544199992 -21.85925949665261, -41.93652540999994 -21.87230993965293, -41.93172662199997 -21.87033219065288, -41.92977123599997 -21.87051592965291, -41.92966298199996 -21.87163574065289, -41.92808223499997 -21.87029144065291, -41.92684490799996 -21.87136002265294, -41.92796829599996 -21.87281978965293, -41.92615947599995 -21.87320306965295, -41.92556578999994 -21.87596515065302, -41.91105175799998 -21.87617698165303, -41.90839999299993 -21.87791663865306, -41.89715010999998 -21.87830477465308, -41.88927110799994 -21.87163054065292, -41.88708174099997 -21.8715294916529, -41.88265250299997 -21.87269319265292, -41.88833736199995 -21.87760016965307, -41.88681749699997 -21.88074076465313, -41.88019647499993 -21.88118016765317, -41.86667608899995 -21.88499937765321, -41.85576310699997 -21.88488980765327, -41.85006086299995 -21.88601561965329, -41.84898652599998 -21.88757641465333, -41.84423809499997 -21.88685862565327, -41.84110235799994 -21.88786880765332, -41.82931840499998 -21.88574360365328, -41.82622685199993 -21.88345727865324, -41.81475674499995 -21.87940125765308, -41.80915299299993 -21.88086292965313, -41.80770541099997 -21.87927462965311, -41.79678523199993 -21.87683327265303, -41.79650113599995 -21.8789631176531, -41.78735704099995 -21.88175110365317, -41.79103258299994 -21.88388415765322, -41.78889212099994 -21.88591223365326, -41.78972676399996 -21.8871872196533, -41.78781697299996 -21.88696556765329, -41.78885372599996 -21.88836802365331, -41.78595031299994 -21.88759927865334, -41.78483796799997 -21.88890038465333, -41.78457931099995 -21.88707707765329, -41.78223971199996 -21.88663677965329, -41.77955881199994 -21.88777326565333, -41.77967559999995 -21.88921190565337, -41.77698457099995 -21.88874605765331, -41.77574444999993 -21.89034643365334, -41.77305813499999 -21.88973510765338, -41.77143213099998 -21.89118055665336, -41.77071858499994 -21.89004415765339, -41.76314353099997 -21.89033592865338, -41.76189201199997 -21.88912068565335, -41.76011485599997 -21.89018699465338, -41.75770643099997 -21.88863355665334, -41.75209547999998 -21.8899202516534, -41.74071949899997 -21.88876481565332, -41.74012527699995 -21.89031041565335, -41.73898503599997 -21.88880985465332, -41.73831143499996 -21.88978616265336, -41.73813709599994 -21.88854863765331, -41.73533543599994 -21.88924031965334, -41.73311399499994 -21.88742611165332, -41.73240730299995 -21.88852039265334, -41.73118148299994 -21.88784357065335, -41.73047602999997 -21.88960285965338, -41.72867101299995 -21.88980450165335, -41.72659505099994 -21.88802272165333, -41.72386181599995 -21.89006861265336, -41.72030983399998 -21.88655644965329, -41.71459890299997 -21.89015308665334, -41.70373749199996 -21.88966723665337, -41.70260036299992 -21.89120549565338, -41.70708788899997 -21.89236495165341, -41.70958863199996 -21.89454054065349, -41.70952454199994 -21.90035809265363, -41.71228954599996 -21.90120900465362, -41.71032180599997 -21.90490700965371, -41.71278936199997 -21.90591313165377, -41.71609773399996 -21.91138846165386, -41.71394955799997 -21.92374240865417, -41.71605264999994 -21.93078766965435, -41.71871158299995 -21.93403205265441, -41.72102304499998 -21.94488903265466, -41.71339908399995 -21.96148932665503, -41.72061318599997 -21.96807874465522, -41.71686194999995 -21.98185607165558, -41.72136377799995 -21.99079463665577, -41.72289847999996 -21.99299598165583, -41.73138509899997 -21.9963345776559, -41.73482765599994 -22.00461561065611, -41.74006475899994 -22.00377720865609, -41.74201795599997 -22.00875201865615, -41.74634080799995 -22.01073535365624, -41.74782704499994 -22.00921179965618, -41.75362753899997 -22.01538745365633, -41.75706584399995 -22.01603931465634, -41.76197929399996 -22.01951278965645, -41.76434833199994 -22.0139206176563, -41.76411113499994 -22.00771302965614, -41.76850424999997 -22.01025383265619, -41.78324176399997 -22.01411634965631, -41.78892072199994 -22.01873574965643, -41.79274334799993 -22.02485160065659, -41.78774118799998 -22.02081737165646, -41.77631884999993 -22.02194552465647, -41.77291686199992 -22.02475853565654, -41.77211758999994 -22.02785186365665, -41.76767226899995 -22.03014281965665, -41.76461646599994 -22.03389919465679, -41.76308438599995 -22.03800289065689, -41.76469756899996 -22.04052349465694, -41.76362391399993 -22.04415826765701, -41.76674251399993 -22.04720179065711, -41.76211062099996 -22.04951846265716, -41.75890178399993 -22.05471137765726, -41.76238204399993 -22.06349811065748, -41.75513088499996 -22.06876870465763, -41.75495172599994 -22.07402080265773, -41.75323090699993 -22.07750179365782, -41.75450581199993 -22.08178182965792, -41.75045347999998 -22.08639711865804, -41.75205152199992 -22.08699126065801, -41.75335778099998 -22.08550685565799, -41.76065881199997 -22.08372518865796, -41.76686361499997 -22.08479454965801, -41.77882723899995 -22.09674469365825, -41.79188792599996 -22.10058291365839, -41.79297480399998 -22.09873543865829, -41.79669437299997 -22.09832426265831, -41.81038942799994 -22.0991412936583, -41.81424892099994 -22.10091615765836, -41.82166664599998 -22.09947893265831, -41.82185836099995 -22.09512363065819, -41.82413328599994 -22.09370491065816, -41.82647081099997 -22.08917608465809, -41.82935890499994 -22.08794785465803, -41.83277411799997 -22.07829826465781, -41.83891994599998 -22.0742412196577, -41.83722001199992 -22.0729981766577, -41.83755740999993 -22.07129619365769, -41.84280799099997 -22.06975232065764, -41.84894918299995 -22.07146270865767, -41.85130703299995 -22.06880973865763, -41.85385655099998 -22.06811424065758, -41.85672212799995 -22.06475968965751, -41.85602541299993 -22.06336783465747, -41.85791917099993 -22.06349708765749, -41.85775319099996 -22.06173426065745, -41.86094644799993 -22.06210932765745, -41.86200048899997 -22.05869359465738, -41.86689042899997 -22.05665761265733, -41.86702711699996 -22.05272170465724, -41.86941808799997 -22.05148372465721, -41.87274510399992 -22.05155718065721, -41.87741394099993 -22.05510543965725, -41.88266240099994 -22.05015411565715, -41.88844515899996 -22.04892258065713, -41.88936173299992 -22.05123779665719, -41.89369861599994 -22.05357065265725, -41.89505515099994 -22.05598008865729, -41.89836245199996 -22.05628272765729, -41.89950320499997 -22.05488936965729, -41.90349452799995 -22.05796310165731, -41.90344638899995 -22.06122237265745, -41.90522738399994 -22.06265743665743, -41.90464505499995 -22.06489933765747, -41.90997156199995 -22.06793412265756, -41.92058025999994 -22.06515983565754, -41.92061356799996 -22.06366900665747, -41.92469190599996 -22.06234636165746, -41.92533451599996 -22.06017886265736, -41.92894749599997 -22.06089422665742, -41.93524705399994 -22.05680884165734, -41.93669897299998 -22.06094065365739, -41.94056153899992 -22.06461697565753, -41.94230729899993 -22.07019146865764, -41.94727907799994 -22.07136148065767, -41.95453302499993 -22.07675721165782, -41.96083598499995 -22.07738152965783, -41.99844261899994 -22.05783933465733, -42.05172763099995 -22.05964644665737, -42.10264060099995 -22.04713629765708, -42.09838842399994 -22.03356311065675, -42.10164251999997 -22.03013284465672, -42.11722552899993 -22.03128983265674, -42.12400445999997 -22.03041275865669, -42.13467388299995 -22.03360998665676, -42.13844560999996 -22.03256249365674, -42.13953453699997 -22.02909163265667, -42.13536570299993 -22.02342188865654, -42.12998918199997 -22.02003466465646, -42.12988690899994 -22.0187039426564, -42.13157409899997 -22.01814208465644, -42.13141697399993 -22.01300626965628, -42.13328580399996 -22.00993807665622, -42.13187195699993 -22.00673931765617, -42.12904969699996 -22.00676936965617, -42.12552812999996 -22.00305363465607, -42.12106296799993 -22.00168698665603, -42.12066893599996 -21.99942089065597, -42.11724385599995 -21.99645436465586, -42.11770490599997 -21.99110178665575, -42.11475668199995 -21.98779390165571, -42.11455355299994 -21.98448641665562, -42.11289481799997 -21.98274136065558, -42.11157323699996 -21.98376008765559, -42.10938872099996 -21.98303683965558, -42.10580673999993 -21.97995508465551, -42.09939545999998 -21.9802331546555, -42.09715295699993 -21.97643882065539, -42.09662489999993 -21.97398395965536, -42.09933240299994 -21.97015021565525, -42.10327483199995 -21.96871208965522, -42.10024485699994 -21.96512342665514, -42.10152049399994 -21.96309851965512, -42.10115355399995 -21.95579701665493, -42.09214466699996 -21.9552974816549, -42.08835865599997 -21.96087609865506, -42.08211449799995 -21.95300535965487, -42.08186753499994 -21.94856036765477, -42.08363050599996 -21.94869158265478, -42.08593318799995 -21.95174138165486, -42.08724333899993 -21.95132670365481, -42.08944530699994 -21.94604177865466, -42.09288705899996 -21.94507508565464, -42.09394214599995 -21.9429610416546, -42.09029340299998 -21.93929279865452, -42.08938344999996 -21.9351638876544, -42.09664953299994 -21.93589032865447, -42.09473772499994 -21.93290484665436, -42.09816252299998 -21.93178596065436, -42.10089213099996 -21.92646156365425, -42.09708378299996 -21.92433152065417, -42.09406187099996 -21.92429169265416, -42.09259064899993 -21.92841766265427, -42.08854657199998 -21.92972271165431, -42.08885604499994 -21.93208944665438, -42.08378287599993 -21.93631197365444, -42.07959667299996 -21.93696091765448)))"
3304706.0,Santo Antônio De Pádua,33,RJ,"MULTIPOLYGON (((-42.23722412999995 -21.45000641064283, -42.20229904399997 -21.46861811064328, -42.13734950899993 -21.4710986236433, -42.13558093599993 -21.46933736664328, -42.12540940599996 -21.47397482564342, -42.12097254199994 -21.47233786864336, -42.11268438699995 -21.46385571164317, -42.10913733299998 -21.45894217064303, -42.10689343599995 -21.45268334764287, -42.10044091299994 -21.45120872164284, -42.09364287099993 -21.45338849364294, -42.08902567599994 -21.44994627764285, -42.08691444999995 -21.44654947464273, -42.08229086799997 -21.44808002364275, -42.08062924599994 -21.45083105064285, -42.07409489699996 -21.44712046664274, -42.06437328899994 -21.43538103364246, -42.05748759099998 -21.43389354564242, -42.04834609299996 -21.43807681764256, -42.04205749999993 -21.43499847864246, -42.03293123799995 -21.4340132696424, -42.02874307099994 -21.43672566464249, -42.02416812799998 -21.43667694664252, -42.02132512799994 -21.43304569764241, -42.01877636799996 -21.43203547264237, -42.01729043999994 -21.4329984476424, -42.01674501999997 -21.43060027664235, -42.00894568499994 -21.4282339546423, -42.00609200799993 -21.43353291564242, -42.00249916799998 -21.4319671786424, -42.00120638699996 -21.43372177464241, -42.00307534099993 -21.43749174864252, -42.00274029599995 -21.43986539364256, -42.00007464999992 -21.43932444464257, -41.99758164499997 -21.4450726006427, -41.99870001999994 -21.45192206264287, -41.99314866399992 -21.45705433764298, -41.99468988999995 -21.46016141364311, -41.99410016399996 -21.4650079836432, -42.00231309599997 -21.46597108264319, -42.00744272699995 -21.47611317864343, -42.00571603199995 -21.47800029764349, -42.00538985899993 -21.48255152264359, -42.00127939499998 -21.48454483964368, -41.99805846299996 -21.48885303564378, -42.00205426599996 -21.49586276464396, -42.01005589299994 -21.49757445064397, -42.01322302199997 -21.50105576864407, -42.01603665699997 -21.50148878064403, -42.01639785299993 -21.50379207264413, -42.02074777599995 -21.50560456364418, -42.03003724699993 -21.50689201264421, -42.03663253799994 -21.51301574864432, -42.03894304299995 -21.51340511364437, -42.04291006399995 -21.52055955064454, -42.04647407299995 -21.52009630764453, -42.05477002699996 -21.52635537064468, -42.05152220699994 -21.53568170364488, -42.05330668099997 -21.54591311564514, -42.06036139299994 -21.54950649964522, -42.06525289499996 -21.5596704256455, -42.07644647699993 -21.57191949964574, -42.07741798299998 -21.57516360164581, -42.08686661199994 -21.5783272646459, -42.08645575299994 -21.58512147764609, -42.09201143799992 -21.58659765964611, -42.10501598399997 -21.60180641964649, -42.10958288999995 -21.60199178364649, -42.10941815799998 -21.60351910664654, -42.11223944199998 -21.60555482564658, -42.11646270599994 -21.60096126164645, -42.12388833199998 -21.6025884906465, -42.12612565299997 -21.60126091964648, -42.13134662799995 -21.6028778586465, -42.13282581099997 -21.60191444164648, -42.13580679799998 -21.60614503664656, -42.13820491099994 -21.60379846864655, -42.14066265499997 -21.60660290464658, -42.13898795399995 -21.6109390296467, -42.14301794699998 -21.60981738464664, -42.14808926599994 -21.61246756164673, -42.15007312299996 -21.61558363864682, -42.15523047099998 -21.61925060864691, -42.15782691099997 -21.61871530364684, -42.15783920299997 -21.62267272964694, -42.16215900399993 -21.62224263064697, -42.16273461899993 -21.62562423664707, -42.16840846499996 -21.62569331864705, -42.17215636399992 -21.63002943164717, -42.17929333299998 -21.63012544264716, -42.18271728999996 -21.63358809064723, -42.18665943799994 -21.62893399564715, -42.19603062899996 -21.63644413764731, -42.19760925699995 -21.64020414464737, -42.20301634999998 -21.64356306764747, -42.20472033999994 -21.64864939264763, -42.20010408599995 -21.65241312664767, -42.19531783799993 -21.65426903764774, -42.19394026299994 -21.66281000164795, -42.19593657399997 -21.66621426764801, -42.19517740599997 -21.66871626164805, -42.19335090499993 -21.66851113364811, -42.18600456699994 -21.67457834164824, -42.18402602299994 -21.67796289364831, -42.18649717199997 -21.67959694764832, -42.18399198199994 -21.68130818464835, -42.19083008799998 -21.68464028964845, -42.19420299899996 -21.68376358264847, -42.19920149099993 -21.68527386264851, -42.20714425699997 -21.69013086164859, -42.21582166699994 -21.6897735146486, -42.22690451999994 -21.69643204064872, -42.22915159799993 -21.69562948664876, -42.23708008699998 -21.69720947464878, -42.24611163699996 -21.70658040664897, -42.24958666499997 -21.70673359764902, -42.25993869599994 -21.71292880764917, -42.26664917499993 -21.71447316864914, -42.26876402799996 -21.71282274164915, -42.27178683999994 -21.71454594764922, -42.26673892799993 -21.708281017649, -42.26793334399997 -21.70720948464902, -42.26935498499996 -21.70789658564901, -42.26856348399996 -21.706271521649, -42.27267659799998 -21.70382776164893, -42.27143506199996 -21.69972157264879, -42.26778096999993 -21.69869620264881, -42.26724520299996 -21.69501956664869, -42.26493481999994 -21.69386370764866, -42.27144285999997 -21.6854789856485, -42.27004088599995 -21.68233750264838, -42.27219056599994 -21.6813545136484, -42.27375796199993 -21.67740808064829, -42.27647611699995 -21.67674451664826, -42.28081136999998 -21.68039871364835, -42.28336641399994 -21.68095276864836, -42.28232039599993 -21.67923165564834, -42.28444120699993 -21.67827726964835, -42.28450769999994 -21.67682807964828, -42.28613957599998 -21.67738350364827, -42.28711663899998 -21.67273061064819, -42.28319040199994 -21.6728221156482, -42.28257107599995 -21.67039887764813, -42.28835637199995 -21.66745461864808, -42.30134100999992 -21.65492206564774, -42.30773330899995 -21.65997743864785, -42.30778861999993 -21.65738970364784, -42.31090682399997 -21.66008539264785, -42.31642605699994 -21.65645898364777, -42.31650850299996 -21.65465577864774, -42.32063629299994 -21.6609131966479, -42.32459263499993 -21.6560116086478, -42.33104458699994 -21.6606312326479, -42.33421263099996 -21.6616347746479, -42.33489641699997 -21.6608378436479, -42.33361739299993 -21.66028687964789, -42.33503907699998 -21.65972115764788, -42.34013148699995 -21.66197385964792, -42.34019094199992 -21.65929837064782, -42.34324942699993 -21.65967688364788, -42.34239838399998 -21.6566514996478, -42.34647743599992 -21.65222616964769, -42.34495397299997 -21.65060138464768, -42.34711771199994 -21.64751509464759, -42.34644365799994 -21.64448409164754, -42.34802582999998 -21.64180199764744, -42.35564378199995 -21.64779228864759, -42.36515220099994 -21.64645848464753, -42.36960149799994 -21.64009430864742, -42.36467331399995 -21.63216693564718, -42.35884669399996 -21.63133456164718, -42.35924306299994 -21.62688201964706, -42.35547756099993 -21.62504551164702, -42.36008864999995 -21.62118752064696, -42.36530750399993 -21.62435846964701, -42.36602096699994 -21.62043442264693, -42.36911943699993 -21.61945577964691, -42.36371542299997 -21.61331299964674, -42.36323317399996 -21.60609908964657, -42.36156842599996 -21.60234679964651, -42.35423560599997 -21.59535749864632, -42.35186855699993 -21.59002699964622, -42.34625634799993 -21.58297510864603, -42.32477200499994 -21.56944355564569, -42.32792993799995 -21.56549772264563, -42.32757086199996 -21.56281123664554, -42.33092252199998 -21.56133585064552, -42.33043366699997 -21.55984286564546, -42.32738823399995 -21.5575108966454, -42.32188327599993 -21.55809038064544, -42.31488280299993 -21.55589899764535, -42.30941291499993 -21.55148609264526, -42.30856727099996 -21.54908142264522, -42.30970573699993 -21.54659471264514, -42.30695816599995 -21.54571964564513, -42.30624526899992 -21.54289149864508, -42.30252607599994 -21.53891457264495, -42.30630472399996 -21.52908465664473, -42.30327431599994 -21.5284760666447, -42.29718824499997 -21.52353549564463, -42.28908911199994 -21.52786912664466, -42.28560106699994 -21.52812015964472, -42.28304448899996 -21.52510775764463, -42.28386246199994 -21.52218295664454, -42.28085785599995 -21.51687980864443, -42.27974802299997 -21.51697229464445, -42.28047231099998 -21.5153011416444, -42.27900813499996 -21.5119384086443, -42.27729714399992 -21.5111720996443, -42.27386194799993 -21.5038954306441, -42.27179422499994 -21.5025907176441, -42.26895688599996 -21.5031225126441, -42.26824011999997 -21.50133885364405, -42.26699155799998 -21.5023925336441, -42.26532020399998 -21.49800275064397, -42.26302648799997 -21.49821787164398, -42.25974300699994 -21.49628277964394, -42.25461540199995 -21.48697814664373, -42.25558461699994 -21.48361203964365, -42.27125062899994 -21.47502764164341, -42.27097662499994 -21.47186201664334, -42.26807836499994 -21.46887491264325, -42.27098300999995 -21.4660521076432, -42.27717942199995 -21.46650500164325, -42.28354052299995 -21.46265540364311, -42.29208374899996 -21.45997921164306, -42.28714895299998 -21.44763719364273, -42.28387597999994 -21.44581887164274, -42.28591249699997 -21.44152764364265, -42.28231222599992 -21.4368000166425, -42.27909380299996 -21.43509988864248, -42.28045132199998 -21.43241201764237, -42.27537594299996 -21.4274722046423, -42.23722412999995 -21.45000641064283)))"
3304755.0,São Francisco De Itabapoana,33,RJ,"MULTIPOLYGON (((-41.01378007499994 -21.6149597136468, -41.01281905699994 -21.61508535364676, -41.01471106199995 -21.61878470264689, -41.01639284399994 -21.61084145464672, -41.01378007499994 -21.6149597136468)), ((-41.02383655999995 -21.60529461564655, -41.01879673399998 -21.60731658264662, -41.01673796299997 -21.61173039464672, -41.01778980299997 -21.61396908664675, -41.02998694599994 -21.61637475164683, -41.04591101199998 -21.6162179526468, -41.04428388399998 -21.6067802426466, -41.04701497999996 -21.59834024364639, -41.04602059899997 -21.59331039364629, -41.04839444099996 -21.58959717664614, -41.04552617199993 -21.58492837964608, -41.04379724199998 -21.58495526064608, -41.03679677599995 -21.59638010364635, -41.02383655999995 -21.60529461564655)), ((-41.04780197899998 -21.58380906864603, -41.04849524699994 -21.58340615864603, -41.04774420699994 -21.58268091764601, -41.04757088999997 -21.58329871564604, -41.04780197899998 -21.58380906864603)), ((-41.03568972899996 -21.46357238364313, -41.03637680099995 -21.46300438564317, -41.03618203999996 -21.46272257064316, -41.03584961299997 -21.46271936964314, -41.03568972899996 -21.46357238364313)), ((-41.03637325399995 -21.46403570964319, -41.03643168799994 -21.46376369864318, -41.03606058499997 -21.46367909164315, -41.03609109799992 -21.46378252064315, -41.03637325399995 -21.46403570964319)), ((-40.96921741499993 -21.29600325763908, -40.96544119599997 -21.29580676263908, -40.96467138999996 -21.29774936463916, -40.96581727199997 -21.29955933763918, -40.95990053799994 -21.30208492463922, -40.95794091599998 -21.31138604463948, -40.96319922599997 -21.32813432063987, -40.96452674199998 -21.33810593864012, -40.96429023099995 -21.34921624564041, -40.96139869099994 -21.36077668564067, -40.96465644099992 -21.36277749264072, -40.96925696599993 -21.37521531364104, -40.97729453499993 -21.38275697064118, -40.98262748099994 -21.39161088264141, -40.99031791099998 -21.39318635364149, -40.99708136799996 -21.3989217496416, -41.00247534999995 -21.40741326764183, -41.00610694099998 -21.41908433164209, -41.01716575099994 -21.4334352236424, -41.02059516099996 -21.44172456164262, -41.02777442299998 -21.44887330364281, -41.02975043599996 -21.45298173264289, -41.03522833999995 -21.45719697364299, -41.03761252699996 -21.46227433564313, -41.04750022199994 -21.46796204864325, -41.05705222399996 -21.4785192226435, -41.06728324099998 -21.49420335064391, -41.07182654599995 -21.50645425164421, -41.07326850199996 -21.51677872964444, -41.07264670699993 -21.52560975264467, -41.05373090599994 -21.57706890964585, -41.04767399799993 -21.58663352764611, -41.05016542399994 -21.58655917364611, -41.06494916099995 -21.5527181996453, -41.05030020899995 -21.5949895596463, -41.05244406999996 -21.59349801364625, -41.05209311799996 -21.59774377264638, -41.05019339899996 -21.59710290164639, -41.04862174399995 -21.59862687564642, -41.04598614299993 -21.6066027076466, -41.04811206599992 -21.61377836564678, -41.05023261999997 -21.61569155464681, -41.04814930999998 -21.61779994064684, -41.05290351499997 -21.61798042364685, -41.06874343699996 -21.62650621664705, -41.07629371299999 -21.63215205364722, -41.08399508799993 -21.64406642964751, -41.08857308899996 -21.64599049764754, -41.09519729299996 -21.65129488064768, -41.09727878399996 -21.65432250264774, -41.09690033099996 -21.6578042696478, -41.09867905999995 -21.66314045464798, -41.09795999899995 -21.67055813164811, -41.09898182199998 -21.67279100364814, -41.10344756599994 -21.67597000764823, -41.11018402699994 -21.67725674764827, -41.11968624299993 -21.67439473364819, -41.12696107499993 -21.67382295664822, -41.13126733799992 -21.67475229564823, -41.13435092099996 -21.67794955064828, -41.13823325799995 -21.67629237864827, -41.14097494399994 -21.6774202286483, -41.13943446499997 -21.67138668664815, -41.14429430899997 -21.67284463964817, -41.14679758699997 -21.67173512864816, -41.14754031799998 -21.67287214864819, -41.14571558399996 -21.67350484464821, -41.14564222799999 -21.67635656464824, -41.15035763899994 -21.6740225956482, -41.15836951799997 -21.67464186464824, -41.16283507299994 -21.67770448364828, -41.16485236699997 -21.68159235864836, -41.17114265499999 -21.68288526064846, -41.17528727699993 -21.68585618464846, -41.17509471699996 -21.68751586764852, -41.17712118099996 -21.68912970264855, -41.18636405399997 -21.68816690264857, -41.19046282799997 -21.68409563764842, -41.19607077299997 -21.68328871764845, -41.19691980099996 -21.68161899764837, -41.18557547599993 -21.63643248664728, -41.18374157199997 -21.60916234264664, -41.18108987499994 -21.59206030764622, -41.18947374999994 -21.5916120606462, -41.19752336199997 -21.5929805306463, -41.19945285899996 -21.59138686464622, -41.20003337399993 -21.58791424064617, -41.20394959299994 -21.58507157664607, -41.21953971699997 -21.5789581196459, -41.22264518999997 -21.57396298664582, -41.22983277199994 -21.57141903264572, -41.23076809599996 -21.56673148864564, -41.23476783799998 -21.56354608464554, -41.24007646999996 -21.56306264864556, -41.24363868999995 -21.55862768164544, -41.24712338999996 -21.55875905664543, -41.25446736199996 -21.55631127164541, -41.24406430299995 -21.50055758264403, -41.24655037399997 -21.500086373644, -41.24874848899997 -21.5018517436441, -41.26148524199994 -21.48973517764377, -41.25676643299993 -21.4856483436437, -41.25677916299997 -21.48036547164357, -41.25553164099994 -21.4790415706435, -41.25849768799996 -21.46621628564322, -41.25591353599998 -21.45842564164304, -41.25857406699998 -21.45402749164296, -41.25583715699997 -21.44575311364274, -41.25787392699993 -21.43262231264244, -41.25771480399993 -21.42135642764217, -41.26236102199994 -21.41684191864199, -41.26220395799993 -21.41334367464194, -41.26672073899993 -21.40765605064179, -41.26381267499993 -21.4035771426417, -41.26276558099994 -21.3992697796416, -41.25691709599994 -21.39641668664152, -41.25570203299996 -21.39309503564142, -41.25813934899997 -21.39060020164137, -41.25726939299994 -21.38880996064135, -41.25327909699995 -21.38765960564133, -41.24956548999995 -21.38906935564135, -41.24621264399996 -21.38770076464129, -41.24310214199993 -21.38853292364135, -41.24163651099996 -21.38411612064121, -41.23720622399997 -21.38242009264119, -41.23813948199994 -21.37980024564114, -41.23697929399998 -21.37558085264102, -41.24296623099995 -21.36649946164079, -41.24381170499998 -21.36745580964086, -41.24684369299996 -21.3656501626408, -41.25321153399994 -21.36551748064078, -41.25544430599995 -21.36218826964069, -41.26009308799995 -21.36481436764076, -41.26367280899996 -21.36407484164073, -41.26545882499993 -21.35615799564053, -41.26645009299994 -21.35447800564053, -41.26867547899997 -21.35440642164053, -41.26985158499996 -21.35184820964045, -41.26943871999998 -21.35006954764043, -41.26698904699997 -21.34907294464036, -41.26786807299992 -21.34688375064035, -41.26454032499998 -21.34422162964026, -41.26286818399995 -21.33954853264019, -41.26291594099995 -21.33758592564008, -41.26458173899993 -21.3366771756401, -41.26334840599998 -21.33183335964, -41.25805908199992 -21.32603116863979, -41.25525096499995 -21.32495735863979, -41.25354401999993 -21.32145787363969, -41.25062806199997 -21.32138108563967, -41.24828582999992 -21.31415633763952, -41.24958885599995 -21.31155294163948, -41.24894943599998 -21.30924658163944, -41.26178854199997 -21.31459425663956, -41.27746836199996 -21.3123324256395, -41.28285407799996 -21.31476513763955, -41.28761965899997 -21.31414714663958, -41.29539047199995 -21.31584731363958, -41.29935541099996 -21.31065151063946, -41.30441728699998 -21.31123305363948, -41.30773517299996 -21.31354682763957, -41.31289488899994 -21.31168147463948, -41.31047372299997 -21.30968315263942, -41.30885416299997 -21.30167602263927, -41.30244749599995 -21.29773821063915, -41.30273279099997 -21.29537568863912, -41.29914473199995 -21.29266511663904, -41.29664977299996 -21.2833799376388, -41.29359461599994 -21.28099123763876, -41.28722046299998 -21.25630228963814, -41.28278369099996 -21.250741607638, -41.27641968699992 -21.24978899063797, -41.27685705999993 -21.24673456263792, -41.27319459299997 -21.2476034876379, -41.27208223799993 -21.2466077516379, -41.27628880899994 -21.24037017463776, -41.27553918799997 -21.23555948963766, -41.27289850099992 -21.23743352563769, -41.27067156299994 -21.23649650763768, -41.27355563099996 -21.23364894663758, -41.26462353799996 -21.23312567663755, -41.26082678999995 -21.23678856463766, -41.26071726799994 -21.23268759063756, -41.25734643799995 -21.23021727063753, -41.25866069699997 -21.22803900863743, -41.25649460299996 -21.22525229263737, -41.24728262199994 -21.22107830363728, -41.24427686299997 -21.22160157363728, -41.24136845699996 -21.22036032863727, -41.23652516999993 -21.2226237746373, -41.23445642899996 -21.22589725263742, -41.23035545399994 -21.22537398363737, -41.22862744699994 -21.22752790763744, -41.22961265499999 -21.22924033863748, -41.22752006199994 -21.23148285363751, -41.22631532499996 -21.23134899363755, -41.22642484699998 -21.22865963063748, -41.22394235799993 -21.22743055463746, -41.22214133599994 -21.23287012663758, -41.21485206699997 -21.23729966563769, -41.21183413899995 -21.23575419463766, -41.21081243999998 -21.23837235363769, -41.20589563599998 -21.24097472263778, -41.20540887299995 -21.24433338463785, -41.20370520399997 -21.24041494563773, -41.19926349599995 -21.24435772263785, -41.19797357499993 -21.24210644563776, -41.19373874099994 -21.24406566563781, -41.19410381299996 -21.24157100663778, -41.19311811899996 -21.24132762563775, -41.19274087799994 -21.24686454963791, -41.19059912299997 -21.24875075463795, -41.18794626699997 -21.24333552163781, -41.18254320199998 -21.24452808963786, -41.18344371299997 -21.24222813663777, -41.18620609099997 -21.24202126263782, -41.18232415899995 -21.23868693863769, -41.18295695099994 -21.23607059063765, -41.18071720599993 -21.23990523663775, -41.17761473199993 -21.23900333463771, -41.17797980399996 -21.24130328763775, -41.18093688599998 -21.24155883763779, -41.17707929299996 -21.24227681263779, -41.17406136499995 -21.24080435563778, -41.17581979499994 -21.24472887863785, -41.16814719999996 -21.24266622263782, -41.16818370699997 -21.24552595263789, -41.16330391299993 -21.24287309663785, -41.16142987699993 -21.24597620863787, -41.15824158199996 -21.24144931663777, -41.15589172099993 -21.24508153463785, -41.15474906099996 -21.24410217263782, -41.15665960399996 -21.24217946063776, -41.15562523299997 -21.23973347863772, -41.14450270899994 -21.23798113363769, -41.14116838599995 -21.23905201063772, -41.13759068099996 -21.23548647563764, -41.13662932499994 -21.23203046063756, -41.13901446099992 -21.23048498963748, -41.13630075999998 -21.22685860863739, -41.13056913099995 -21.22649353663742, -41.12673118099997 -21.23020651463752, -41.12006722899997 -21.23022943963751, -41.11555250599996 -21.2286352926375, -41.11195046299997 -21.22241690063728, -41.10811720799995 -21.22252642263729, -41.10369983799995 -21.21911908463721, -41.09899040899995 -21.22110264163729, -41.09397675599995 -21.22067672463725, -41.09233393199997 -21.21812122063721, -41.09091015199993 -21.22123650163731, -41.08919431399993 -21.22146771363731, -41.08921865199994 -21.21952066363726, -41.08669965599995 -21.22001959463727, -41.08532455199997 -21.22208833563733, -41.08032306599995 -21.22224653363733, -41.08135743699995 -21.22440045763735, -41.07423853499994 -21.22700463763741, -41.07341103799996 -21.23092307663752, -41.06923704899997 -21.22845275663748, -41.05931926199997 -21.23464680963762, -41.05273629199996 -21.24126365563776, -41.05412307199997 -21.2430678016378, -41.05215168399996 -21.24231331963778, -41.04727188899994 -21.24889678363796, -41.04562906599995 -21.24715660763793, -41.04673804999993 -21.25102256663801, -41.04516664099998 -21.25069780463802, -41.04458252599993 -21.25305860363803, -41.04133359499996 -21.25494733563808, -41.03580330099992 -21.25406989463806, -41.03458996399995 -21.25224142763805, -41.03601850099994 -21.251196230638, -41.03154924599994 -21.25092866963801, -41.03024117199993 -21.24883773263797, -41.02854394899997 -21.25000059763797, -41.02490522399994 -21.24580269963789, -41.01999699799996 -21.24759688263795, -41.01595492999996 -21.25180393363803, -41.01333583399997 -21.25025722363798, -41.01090234399993 -21.25264946863806, -41.00474041099994 -21.25109987263801, -41.00321833699996 -21.25446111863809, -41.00404915399997 -21.25592881063812, -40.99983595199996 -21.25849884063819, -41.00159964299997 -21.26008560963821, -40.99977253199996 -21.26253656363831, -41.00036444899995 -21.26486195363838, -40.99816589899996 -21.26617262863837, -41.00025874999994 -21.26934361463847, -40.99932044499997 -21.2784693776387, -40.99579522499994 -21.28618979363885, -40.99036527199996 -21.28583274463884, -40.98495345499997 -21.28748165763888, -40.97916111899996 -21.27997698963873, -40.97637065099997 -21.28173160163875, -40.97761790599998 -21.28513512763881, -40.97683572899996 -21.2872702586389, -40.98068319299995 -21.28760849763889, -40.98078889299995 -21.2890882906389, -40.97698370899997 -21.29039896563895, -40.97472173799997 -21.28855979263891, -40.97380469299997 -21.29252805663904, -40.97178091799997 -21.29519091763908, -40.96921741499993 -21.29600325763908)))"
3304805.0,São Fidélis,33,RJ,"MULTIPOLYGON (((-41.93682936599998 -21.63107868864718, -41.93673805699995 -21.59675294164638, -41.93410580899995 -21.59306924364626, -41.92362315899992 -21.58611394864608, -41.91948169099993 -21.58573939364612, -41.90098401199998 -21.57561460564584, -41.89580262099997 -21.57490775264582, -41.88468341299995 -21.58004116864598, -41.87819665899997 -21.57927458064594, -41.86856345299997 -21.57371642164583, -41.87098724899994 -21.57211586864577, -41.87342579899996 -21.56152650864548, -41.87068650899994 -21.5557119676454, -41.86098761599992 -21.54560171164513, -41.85359514799995 -21.54114793064502, -41.85121397799997 -21.53635480064492, -41.84311559299992 -21.53033505864475, -41.84211415199996 -21.52759690264471, -41.83956209099994 -21.52681628664465, -41.83790433599994 -21.52263405264457, -41.83293060699998 -21.51975490864452, -41.83257530099996 -21.51600296464441, -41.82980892999995 -21.51654559864441, -41.82903241499996 -21.51481037564441, -41.82363253999995 -21.51290466164431, -41.82409259699994 -21.50839714464422, -41.82579112399997 -21.50644624264422, -41.81986427799995 -21.50106636064409, -41.82109733299995 -21.49795994664401, -41.81990028399996 -21.4957231416439, -41.81682326599996 -21.49424028164391, -41.81575483299997 -21.49147260664382, -41.82498398499995 -21.48226945264362, -41.74272727599998 -21.46431403664318, -41.67947124599993 -21.51626168464443, -41.62695238599996 -21.59571648164633, -41.62295677599996 -21.59486544564634, -41.61941777699997 -21.59088059264622, -41.61483370599996 -21.58975118464619, -41.61292051199995 -21.58792682164611, -41.60744104899992 -21.58816607864618, -41.60608934299995 -21.58637242564612, -41.60223800599994 -21.58743211164613, -41.60124572399997 -21.5858107886461, -41.59006059199992 -21.581476186646, -41.58527467899995 -21.57629095364587, -41.57984930799995 -21.57579442264584, -41.56097675499996 -21.56574623564562, -41.54961301899993 -21.56461329164557, -41.54143365499993 -21.56081634964548, -41.54379742099997 -21.61647426764682, -41.53813561199996 -21.62186590164698, -41.54135441299997 -21.62701783064707, -41.54722105199994 -21.62888765964711, -41.54979794499996 -21.62816262164712, -41.55333443399996 -21.63028003364717, -41.55307200999993 -21.63372266864726, -41.55557097199994 -21.63680007464732, -41.55600506499997 -21.64059148464742, -41.55927694799993 -21.63882349764738, -41.56127503999993 -21.6395798496474, -41.56355209899992 -21.6432342406475, -41.56516399099996 -21.64122025964743, -41.56980921699994 -21.64037844364743, -41.57596558299996 -21.64651572164756, -41.57520511799999 -21.64984184764763, -41.57681437799994 -21.65016296864764, -41.57805051999997 -21.65301858664771, -41.58203777999995 -21.65323571164774, -41.58426031199996 -21.65704030864783, -41.58929134199996 -21.65832870964782, -41.59120663899994 -21.66414739764799, -41.59422856899994 -21.66287951664795, -41.60425226899997 -21.66528557564796, -41.61221509899997 -21.66475523664799, -41.61686994599994 -21.67094815464814, -41.63030299499997 -21.67008912364812, -41.63407388799993 -21.67143157964814, -41.63634179399997 -21.66924446164808, -41.64096695599994 -21.67136237464815, -41.64580433199995 -21.67925784264834, -41.64840942499995 -21.68102376664838, -41.64906996799993 -21.68750990464855, -41.65279282599993 -21.68950361364857, -41.65543311099997 -21.69393393664868, -41.66304552799993 -21.69438223564872, -41.66565051799995 -21.69819450864882, -41.66980204599997 -21.69857637464881, -41.67733432199998 -21.70323360164891, -41.68163395599998 -21.70268299864889, -41.68346434099993 -21.70824947064903, -41.68795278699997 -21.71113646964908, -41.69128829499994 -21.71013105264907, -41.69601453399997 -21.71441362264916, -41.69536473999993 -21.71897478264929, -41.70046391899995 -21.72574298864947, -41.69861347999994 -21.7312117546496, -41.69977434599997 -21.73631057564968, -41.69772244599994 -21.73923885664973, -41.70221112199993 -21.74174518464985, -41.70420777999993 -21.74791415864998, -41.70922562699996 -21.75164035165005, -41.71463788899995 -21.75458550565014, -41.71887794399998 -21.75417820265012, -41.72267242699996 -21.75606702765019, -41.72953559499996 -21.76316782565037, -41.73237690599995 -21.76421556165037, -41.73430708699993 -21.76281882465034, -41.73433430199997 -21.76466537865036, -41.73745219799996 -21.76646013165044, -41.74790303999998 -21.77929216565074, -41.75167977299997 -21.78115405565075, -41.74924471799994 -21.78617668365089, -41.74600221699995 -21.78757996165092, -41.74718311699996 -21.78879629865098, -41.75633639599994 -21.78976639865094, -41.75905585899994 -21.78820754265094, -41.76275659199995 -21.78907015965094, -41.76579683499993 -21.7874449206509, -41.77404554599997 -21.78950073065095, -41.77659299099997 -21.78829290465093, -41.77749249399994 -21.78473924565088, -41.78694181699995 -21.78366579565082, -41.78862703399994 -21.7816348306508, -41.79335102699996 -21.78422570265084, -41.79587997199997 -21.78383947065085, -41.79478288499996 -21.79202482565103, -41.79746736499992 -21.79590616265111, -41.80866741399995 -21.79766286065114, -41.81029849699996 -21.79962917965123, -41.81073806299997 -21.80481632165135, -41.81495701199997 -21.8063941926514, -41.81625718099996 -21.80966812965143, -41.82586621099995 -21.8174715936516, -41.83060171499994 -21.81766746465164, -41.83449450899996 -21.82081511465172, -41.83546832999997 -21.82446022665178, -41.83918409599994 -21.82686863565188, -41.83736786099995 -21.83309050065203, -41.84250501799994 -21.83625246065209, -41.85020344399992 -21.8372140066521, -41.85816831499994 -21.84462135165228, -41.87178475999996 -21.85040143365242, -41.87490045899995 -21.85339006965248, -41.88471927099993 -21.8582610406526, -41.88847294799996 -21.86517665565279, -41.88387978199994 -21.87234424665294, -41.88927110799994 -21.87163054065292, -41.89715010999998 -21.87830477465308, -41.90839999299993 -21.87791663865306, -41.91105175799998 -21.87617698165303, -41.92556578999994 -21.87596515065302, -41.92615947599995 -21.87320306965295, -41.92796829599996 -21.87281978965293, -41.92684490799996 -21.87136002265294, -41.92808223499997 -21.87029144065291, -41.92966298199996 -21.87163574065289, -41.92977123599997 -21.87051592965291, -41.93172662199997 -21.87033219065288, -41.93652540999994 -21.87230993965293, -41.94936544199992 -21.85925949665261, -41.94991065099998 -21.85604937865257, -41.95227481499995 -21.85556628365257, -41.95517009299993 -21.84802424065239, -41.95370286099995 -21.84396420965228, -41.95488877699994 -21.84149374465218, -41.95628343999993 -21.84132810865222, -41.95695275399998 -21.83670643965209, -41.95551836799996 -21.83574706765206, -41.95727337399995 -21.83537928365206, -41.95676362499994 -21.83414437565201, -41.96148402699998 -21.83393445265201, -41.96135223699996 -21.83200977665198, -41.96520297899997 -21.82776489065189, -41.96782082799996 -21.81709905065163, -41.97098337599992 -21.81150083465149, -41.97005651299997 -21.80520668065137, -41.97111239299994 -21.80313208065128, -41.96755088399993 -21.80108528765127, -41.95925870399997 -21.79242519165103, -41.95921554499994 -21.78897371665093, -41.95714325999995 -21.78757985865093, -41.95630059299997 -21.7821288586508, -41.95239366599996 -21.77551413465062, -41.95299137099993 -21.77148141365052, -41.95004203799993 -21.76988385865051, -41.94487192699995 -21.77304385865056, -41.93671737099992 -21.76936596965052, -41.93425557799997 -21.76682289765042, -41.93450952299996 -21.76082756365028, -41.93598881499997 -21.76003519165023, -41.93565247699996 -21.75738232065022, -41.93763269599998 -21.75566306065017, -41.93798575799998 -21.75210173665005, -41.93678082499996 -21.74848407864997, -41.93324956099997 -21.74736006164996, -41.92983794999997 -21.74240728464986, -41.93070042299995 -21.74127822864981, -41.93732077599997 -21.74126249464983, -41.93682936599998 -21.63107868864718)))"
3304904.0,São Gonçalo,33,RJ,"MULTIPOLYGON (((-43.10772014999998 -22.84671971267576, -43.10763710999998 -22.84698743167574, -43.10830932599999 -22.84743113767574, -43.10815178699993 -22.84669681867571, -43.10772014999998 -22.84671971267576)), ((-43.10781258099995 -22.8407856956756, -43.10954795399994 -22.8401530076756, -43.11276562299996 -22.83483842967544, -43.11554041699997 -22.83355991467544, -43.11151273099994 -22.83038514967533, -43.10838535099997 -22.83119068767538, -43.10473952599995 -22.83476612267547, -43.10604105499993 -22.83989993267561, -43.10781258099995 -22.8407856956756)), ((-43.12022383299995 -22.80600975067479, -43.12016886499998 -22.80632809567484, -43.12094591399994 -22.8062847326748, -43.12048289999994 -22.80569138067477, -43.12022383299995 -22.80600975067479)), ((-43.06959439399998 -22.76064368167377, -43.06987837199996 -22.76066507067377, -43.06974392699993 -22.76021187267375, -43.06958008099997 -22.76026415067373, -43.06959439399998 -22.76064368167377)), ((-43.07341152199996 -22.77358466967404, -43.07319193199992 -22.77438310967405, -43.07431162699991 -22.77411912867405, -43.07390411899997 -22.77337590567408, -43.07341152199996 -22.77358466967404)), ((-43.07246668799996 -22.77442408067408, -43.07262772999997 -22.77469839667409, -43.07286449199994 -22.77456507167405, -43.07266283599995 -22.77424603767407, -43.07246668799996 -22.77442408067408)), ((-43.10511787999996 -22.84823669067577, -43.10633129399998 -22.84742852167577, -43.10391827999995 -22.84570715067572, -43.10360548699998 -22.84712775467571, -43.10511787999996 -22.84823669067577)), ((-43.10285784999996 -22.83002675867536, -43.10439197999994 -22.82937523267534, -43.10227388499994 -22.82779423467531, -43.10128591599994 -22.82435507367521, -43.09781954299995 -22.82259372067514, -43.09593312899995 -22.81932522767513, -43.09381924099994 -22.81996059767516, -43.09326400999998 -22.82225244067517, -43.09617051899993 -22.82326853667518, -43.09619414899998 -22.82504079767521, -43.10285784999996 -22.83002675867536)), ((-42.96997524299996 -22.75745191867369, -42.96160690399994 -22.7588101016737, -42.96140945599996 -22.76029179067374, -42.95440399099994 -22.76425603667384, -42.95020217699993 -22.76939345567394, -42.94404684899996 -22.76952281167395, -42.94032005599995 -22.77667189767415, -42.94231352599996 -22.78071479767423, -42.94142108999994 -22.7884838936744, -42.94322106599996 -22.79483514167455, -42.93904938599996 -22.80013769467466, -42.93869094699994 -22.80259907667475, -42.92013817399992 -22.81970778467511, -42.91582773599998 -22.8197016506751, -42.91373991699992 -22.81687401967504, -42.90612950699993 -22.81689345367506, -42.88595046899996 -22.86763287067624, -42.88778952099995 -22.86903399667623, -42.89507312099993 -22.87112452767629, -42.90095503299994 -22.87756832967643, -42.90556970399995 -22.8793735506765, -42.90874976199996 -22.87802262367644, -42.91981323699996 -22.88177521467656, -42.92685373399996 -22.88214469967658, -42.93770956599997 -22.88825567067672, -42.95597242899998 -22.89380336267684, -42.95446608599995 -22.90092860567697, -42.96148470999998 -22.901185260677, -42.97281440699993 -22.90681221767715, -42.97750922199998 -22.9061187946771, -42.97978654099995 -22.90871618667715, -42.98375179399994 -22.90923621467719, -42.98569065099996 -22.90735741067715, -42.98711873799994 -22.89261003967682, -42.99071958299992 -22.88819147267669, -42.99419848799994 -22.88781130367671, -43.00276663399996 -22.89110729667677, -43.00865207899994 -22.89160581967676, -43.01237629199994 -22.8876402316767, -43.01836535299998 -22.88508298767664, -43.02856790799995 -22.8756835566764, -43.03461488899995 -22.87725495967645, -43.04149349699997 -22.87255238167631, -43.04841680199995 -22.87164197767632, -43.05151460399998 -22.87325200967633, -43.05593057599998 -22.87109855867633, -43.06741531099993 -22.86955534167627, -43.07174717399994 -22.86648467967617, -43.09609507499993 -22.86060624267607, -43.10344747399994 -22.85588063167593, -43.10045303699996 -22.85058880567584, -43.10065136999998 -22.8492977496758, -43.10230477099997 -22.85090033767581, -43.10418811299996 -22.85061542767587, -43.10218395599998 -22.84456590567572, -43.09748674899998 -22.84274180467564, -43.09611444599994 -22.83928969167557, -43.09759344299994 -22.83970034467556, -43.09815202999994 -22.83814169067552, -43.09687100099995 -22.8366463836755, -43.09714823499996 -22.83839175767555, -43.09539279599994 -22.83709731067549, -43.09663558099992 -22.83568341567548, -43.09526840199993 -22.83584924267546, -43.09540791199998 -22.83432690567545, -43.09773412299995 -22.83371332667544, -43.09712321399996 -22.82811714467533, -43.09007400699994 -22.82239034867517, -43.08925375799998 -22.82298976367518, -43.08958393099994 -22.82204759167517, -43.08208287199994 -22.82005132367514, -43.06507927699994 -22.80293188167473, -43.06813354999996 -22.80101163867471, -43.07089820799995 -22.8018664106747, -43.07894384199994 -22.79913169867462, -43.08153231499994 -22.7893856336744, -43.07863856799997 -22.7848829506743, -43.07532487899993 -22.78401632767429, -43.06837844899995 -22.77864771367414, -43.06761509899996 -22.772477284674, -43.06877028799993 -22.76989299867395, -43.06537112499994 -22.76819371067392, -43.06430020499993 -22.76513859767388, -43.05146165599996 -22.75838867467369, -43.04663584499995 -22.75716854867369, -43.03941459399994 -22.75033772867353, -43.03734282399995 -22.7504390246735, -43.03268493699994 -22.74759591467342, -43.02940225499997 -22.74761822967345, -43.02392759599995 -22.74023138867326, -43.02165613199997 -22.74024769967328, -43.01783794899995 -22.74377973667336, -43.01235848599998 -22.74126688267329, -43.01028235599994 -22.73633048467319, -43.00022243099994 -22.73851850367326, -43.00080195199996 -22.73477068867318, -42.99904897999993 -22.73409778067313, -42.99327685999997 -22.7366476496732, -42.99351872199998 -22.73836482067324, -42.99664315099994 -22.73968798967325, -42.99736059399997 -22.74139369367332, -42.99239237499995 -22.74315688467336, -42.99074654299994 -22.74700347867345, -42.99131981399994 -22.74949750167349, -42.98766900299995 -22.74992975367351, -42.97720848799997 -22.75560425867364, -42.96997524299996 -22.75745191867369)))"
3305000.0,São João Da Barra,33,RJ,"MULTIPOLYGON (((-41.01916083699995 -21.6204698306469, -41.02032050199995 -21.62030007464692, -41.01768073399994 -21.6195504876469, -41.01787909799997 -21.62016084064695, -41.01916083699995 -21.6204698306469)), ((-41.01582679099993 -21.62006737964695, -41.01691397799993 -21.61938836364689, -41.01547583799993 -21.61886765864687, -41.01532706599993 -21.61970307564691, -41.01582679099993 -21.62006737964695)), ((-41.01717719299995 -21.61972596364691, -41.01669653999994 -21.61990906864694, -41.01604422799993 -21.62038399864693, -41.01753958899996 -21.62061097464689, -41.01717719299995 -21.61972596364691)), ((-41.03052959899998 -21.62089160464693, -41.03029092799994 -21.62212156864697, -41.02689854099998 -21.623397548647, -41.02190460199994 -21.622493113647, -41.02050747199996 -21.6211515606469, -41.01568171899999 -21.62182515664695, -41.01499230899998 -21.61953984964692, -41.01230835699994 -21.62098426464693, -41.02270468999995 -21.68574692964848, -41.02468833199998 -21.71454408064916, -41.02389868899996 -21.73260285664964, -41.00629767599997 -21.81113602965149, -41.00030097299998 -21.833326122652, -40.99846696299994 -21.83572114965207, -40.99907729399995 -21.84117450365219, -40.99396971799995 -21.84870581265237, -40.99472923899997 -21.8543036376525, -40.99171408999995 -21.87228944265294, -40.98182580199995 -21.91106230365384, -41.12787540399994 -21.91193598865392, -41.13444072299994 -21.90026263665362, -41.15304126999995 -21.88310632065321, -41.15941014599996 -21.86976657565291, -41.15881173499997 -21.86433558465273, -41.15401897899994 -21.86109475865271, -41.14902560899998 -21.81934393265171, -41.16169249199993 -21.79503983765109, -41.17725147499993 -21.77686526265065, -41.17204422399993 -21.74872452164998, -41.19651450399994 -21.72808726764952, -41.19268898699994 -21.72497188964945, -41.18298033299993 -21.7239115746494, -41.17873094299994 -21.72166977164933, -41.16826373399993 -21.70914073164903, -41.15789178299997 -21.70361955764893, -41.14603735199995 -21.69497857664875, -41.13736705899997 -21.68456318364847, -41.13664293399995 -21.68019527764834, -41.13126733799992 -21.67475229564823, -41.12190113499997 -21.67401438964824, -41.10806469099997 -21.67729459264828, -41.10140391999994 -21.67475895864819, -41.09795999899995 -21.67055813164811, -41.09867905999995 -21.66314045464798, -41.09637049699995 -21.65265730964769, -41.08857308899996 -21.64599049764754, -41.08399508799993 -21.64406642964751, -41.07629371299999 -21.63215205364722, -41.06874343699996 -21.62650621664705, -41.05137850899995 -21.61774924164686, -41.04814930999998 -21.61779994064684, -41.04687116599995 -21.6190934246469, -41.04134477999997 -21.61859612564687, -41.03992039599996 -21.62083004964694, -41.03549564499996 -21.61979327464691, -41.03052959899998 -21.62089160464693)), ((-41.02294119999993 -21.62067582364691, -41.02204856199995 -21.62116029164697, -41.02477988299994 -21.62298371464695, -41.02850684399993 -21.62071969364694, -41.02294119999993 -21.62067582364691)), ((-41.02799185899993 -21.62135293364695, -41.02691992999996 -21.62183167764694, -41.02645194899997 -21.62312369364701, -41.02978858099994 -21.62141968964693, -41.02799185899993 -21.62135293364695)), ((-41.01555594599994 -21.62105729364698, -41.01622351899994 -21.62149979864693, -41.01689490499996 -21.62114884564693, -41.01568564599995 -21.62087418764696, -41.01555594599994 -21.62105729364698)))"
3305109.0,São João De Meriti,33,RJ,"MULTIPOLYGON (((-43.39713169799995 -22.77758429367415, -43.38515360699995 -22.7664558386739, -43.32929030799993 -22.75590265067363, -43.32921325599994 -22.78637121367435, -43.33091445399998 -22.80266584367472, -43.34846476999996 -22.80376927167476, -43.35395053099995 -22.80239384867471, -43.35930007799993 -22.80293945067471, -43.36173940299994 -22.80445147167474, -43.36547518299994 -22.80406546367479, -43.37024198699999 -22.80536696367482, -43.37576554099996 -22.80849972567484, -43.37684011799996 -22.81081660567491, -43.38287111099998 -22.81187981167495, -43.38485254099992 -22.813997694675, -43.38770102299997 -22.81480504867503, -43.39055593999996 -22.81382036367495, -43.41070801499995 -22.79167488567448, -43.39713169799995 -22.77758429367415)))"
3305133.0,São José De Ubá,33,RJ,"MULTIPOLYGON (((-42.02873225999997 -21.37627129964103, -42.03969791599997 -21.36605643464081, -42.03767096699993 -21.35651414164056, -42.03365327799997 -21.34791313164032, -42.03464395299994 -21.34337138764021, -42.02721095099997 -21.33200643163999, -42.02099572099996 -21.32867989463989, -42.01729082899993 -21.33039362563992, -42.01134642999995 -21.3289489536399, -42.00776162099992 -21.33075612463993, -42.00357288399994 -21.32764775063989, -42.00074568899998 -21.32896144463991, -41.99860878199996 -21.32845640063988, -41.99825840899995 -21.32614652663984, -41.99330250999996 -21.32203637663976, -41.98864420499996 -21.32302967463974, -41.98711506599994 -21.32197742463973, -41.98608782299993 -21.32007797563967, -41.98835370199998 -21.31707154863961, -41.98769150299995 -21.31408744563952, -41.98502978699997 -21.3129111016395, -41.97864725199997 -21.31536536263959, -41.97440580199997 -21.31048891663944, -41.96380311999996 -21.31066342463944, -41.96139942399998 -21.30815276763939, -41.95985902299997 -21.31292248463952, -41.95639674099993 -21.31424223963954, -41.95279608199997 -21.31205734163949, -41.94923509499995 -21.31265434763953, -41.94715805999992 -21.31067079363945, -41.94075087099998 -21.30921061463942, -41.93227293699994 -21.3126544566395, -41.91773623299996 -21.29517383663907, -41.90896155399997 -21.29825905363917, -41.90593328199997 -21.29745099063913, -41.90333251299996 -21.30294228263926, -41.89938825499996 -21.30373298863932, -41.89654404899994 -21.3032662136393, -41.89105954399997 -21.29716369163916, -41.88607167399993 -21.29519214563905, -41.88425604299993 -21.2963956576391, -41.88360933499996 -21.29929583363921, -41.87881458699996 -21.30086727063924, -41.87599462899993 -21.29872646763916, -41.87386036399993 -21.29967974563917, -41.87078648299995 -21.2989171826392, -41.87049184199998 -21.30496723863932, -41.86562890699997 -21.30026242663921, -41.86195027599995 -21.30285828463927, -41.85587953299994 -21.30252470463926, -41.84550794499995 -21.29672680263913, -41.84407176099995 -21.29310902663904, -41.83935324099997 -21.28831790563889, -41.81601492999993 -21.32752095863987, -41.82490359199994 -21.33126466363994, -41.82972847099995 -21.33845109264012, -41.83521121599994 -21.33833636264011, -41.83914928799992 -21.34010595764014, -41.84083247899997 -21.34291238264024, -41.85532263899995 -21.34520212464032, -41.85785853199997 -21.34769944764037, -41.85846854699998 -21.35088951764041, -41.86145504999995 -21.35214963864048, -41.86446081599995 -21.35592808664056, -41.86407741499993 -21.36042602764067, -41.86801985799996 -21.36609777164079, -41.87332576499994 -21.36708515864082, -41.87692107299995 -21.37142413164093, -41.88219683599993 -21.37289697864099, -41.88412091199996 -21.37767544464108, -41.88730774899994 -21.37705963364104, -41.89049021699999 -21.37965833564111, -41.89265380299997 -21.37951496364112, -41.89435577499995 -21.38171764364117, -41.89981687999994 -21.38188766964121, -41.90102843899996 -21.38815168864131, -41.89784917099995 -21.39403763264145, -41.90063997699997 -21.39544150964152, -41.90562057499994 -21.40297126964171, -41.91506487299994 -21.41021470164187, -41.91622882399997 -21.41276085064189, -41.92309257799996 -21.41483668164195, -41.93104342699996 -21.4203926346421, -41.93910085999994 -21.4234058316422, -41.94155285599992 -21.42749814564229, -41.95022975099994 -21.4322920056424, -41.95201382399995 -21.43701945964251, -41.95898688499993 -21.44671643264275, -41.96129608199993 -21.45509147764292, -41.96733054399992 -21.46004175864305, -41.97049578899998 -21.46516217564317, -41.97137745899993 -21.46743251864325, -41.96978686599993 -21.46975652364329, -41.97040287299995 -21.47106563964334, -41.98431835699995 -21.4815429536436, -41.98903645899997 -21.48255100264364, -41.99214883599995 -21.48600383764367, -41.99805846299996 -21.48885303564378, -42.00127939499998 -21.48454483964368, -42.00538985899993 -21.48255152264359, -42.00571603199995 -21.47800029764349, -42.00744272699995 -21.47611317864343, -42.00231309599997 -21.46597108264319, -41.99393334399996 -21.46471006464319, -41.99468988999995 -21.46016141364311, -41.99334103399996 -21.45595138164299, -41.99529457099992 -21.45580577964297, -41.99870001999994 -21.45192206264287, -41.99729599099992 -21.44616224464272, -42.00007464999992 -21.43932444464257, -42.00274029599995 -21.43986539364256, -42.00317861399996 -21.43666997064252, -42.00104705099994 -21.43410284664245, -42.00220033199997 -21.43219552164243, -42.00609200799993 -21.43353291564242, -42.00894568499994 -21.4282339546423, -42.01674501999997 -21.43060027664235, -42.01729043999994 -21.4329984476424, -42.01877636799996 -21.43203547264237, -42.02132512799994 -21.43304569764241, -42.02416812799998 -21.43667694664252, -42.02874307099994 -21.43672566464249, -42.03245399299993 -21.43408753564244, -42.03645160399998 -21.43392899264243, -42.04570815499994 -21.4362250686425, -42.04834609299996 -21.43807681764256, -42.05806291299995 -21.43380298264246, -42.05623169799997 -21.42860253964231, -42.05303085899993 -21.42644849464224, -42.05374641799995 -21.42466451564221, -42.05218571299996 -21.41947014864209, -42.05015085199994 -21.41728647264203, -42.04579105999994 -21.415766526642, -42.04469742999998 -21.40913039064185, -42.04060516399994 -21.40005612164165, -42.03749214399993 -21.39600563864152, -42.02997141399994 -21.39072209564138, -42.03216524999993 -21.38388892664121, -42.02873465499994 -21.37903975264114, -42.02873225999997 -21.37627129964103)))"
3305158.0,São José Do Vale Do Rio Preto,33,RJ,"MULTIPOLYGON (((-42.95497538199992 -22.13887054465922, -42.96431904899998 -22.12643102865896, -42.96613285399997 -22.11663805965875, -42.96505553899992 -22.11492073165867, -42.96829757699992 -22.10772772565852, -42.96746747199994 -22.10489153265845, -42.97385920399994 -22.09724073465828, -42.96959393899992 -22.08840502265808, -42.96832078999994 -22.08778329465807, -42.96694873099994 -22.0895285646581, -42.96360708899994 -22.08879940765808, -42.95670894899995 -22.08426322965795, -42.95422783699997 -22.08488224865794, -42.94866494199993 -22.09276628565819, -42.94873922599993 -22.09497173065821, -42.94593286699994 -22.0940177896582, -42.94373975099995 -22.09587778065825, -42.94018478999993 -22.0932432796582, -42.93805776999994 -22.09545089065822, -42.93506776399994 -22.09458535765822, -42.92897690799999 -22.1035436296584, -42.92070889999997 -22.0995271276583, -42.91680999499994 -22.09897824365832, -42.91489393499995 -22.10063130865835, -42.91267394399995 -22.10887822865858, -42.90410576799997 -22.11258781265864, -42.90207788399993 -22.11214678165864, -42.90166413199994 -22.1104887006586, -42.89892153599992 -22.11128080165861, -42.89559256399997 -22.11039280065857, -42.89224429599995 -22.10580783965849, -42.88893659099994 -22.10364090265842, -42.88700746799998 -22.10390170865845, -42.88418602999996 -22.09994547565834, -42.87880562499998 -22.09958885065835, -42.87595838299995 -22.10210904565839, -42.87216231999997 -22.10143140865836, -42.86791085999994 -22.11344417765866, -42.86739036599993 -22.12401256965889, -42.86508926299994 -22.12529216665892, -42.86440567999995 -22.12759284465898, -42.86768489499997 -22.13673856865919, -42.86907360399994 -22.13701648465921, -42.87353374299994 -22.14397017765939, -42.87441103599997 -22.15448367965962, -42.86386760299995 -22.1652443876599, -42.85621260999994 -22.1613880736598, -42.85153205699998 -22.1619239676598, -42.84318789699994 -22.15314967365961, -42.83603194299996 -22.15232813365959, -42.83193903399997 -22.1462097326594, -42.82760336299998 -22.14274846465938, -42.82452971399993 -22.14347555065937, -42.81990415899997 -22.14709471165948, -42.81438843299998 -22.13624616465918, -42.80364728299998 -22.13324871565915, -42.80104695399996 -22.13058747565907, -42.79973482099994 -22.12639962665898, -42.79543385499994 -22.12507894165894, -42.79378064599996 -22.12215385965888, -42.78595259299993 -22.12103749865884, -42.78428099399996 -22.12224196965885, -42.78167590999993 -22.12106401765885, -42.77919639199995 -22.12221288865889, -42.77304397899996 -22.12030299065883, -42.76904624999997 -22.12418039365892, -42.76553925399998 -22.12280013365887, -42.76103892999998 -22.11803461765878, -42.75335926299994 -22.11861286365876, -42.75036812499997 -22.12120906365886, -42.74613878999997 -22.12237904765889, -42.74933020999999 -22.12528958465894, -42.75579683499996 -22.12439560965894, -42.76166826099995 -22.12520125565896, -42.76333255499997 -22.12779121265902, -42.76643358299997 -22.12926608265902, -42.76775881099996 -22.13270857765912, -42.77714862899995 -22.13048968165908, -42.79165433799995 -22.14333528665936, -42.80256134599994 -22.1493770066595, -42.80545229699992 -22.1529933886596, -42.80626534999993 -22.1571632046597, -42.81495142299996 -22.16352336965985, -42.82018101499994 -22.16416282665982, -42.82284472399993 -22.16730946865991, -42.82859610499997 -22.16892655065998, -42.83925937999993 -22.1753937836601, -42.84751730199996 -22.17473926866007, -42.84923904399994 -22.17739368766014, -42.85348734999996 -22.17838488866023, -42.85234370599994 -22.18054318666026, -42.85331967399997 -22.1824203076603, -42.86100811499995 -22.1874549076604, -42.86306537199992 -22.1871400376604, -42.86856756699994 -22.19093122066052, -42.87415183399997 -22.19209938766048, -42.87729187099995 -22.19114355266051, -42.87798969299995 -22.18641469966036, -42.89218383399997 -22.18970585666044, -42.90421094999993 -22.21868833766114, -42.90394900699993 -22.22155374966119, -42.90655136399993 -22.22495055666129, -42.91133478499995 -22.22549198666128, -42.91876300899998 -22.22326779666124, -42.93377237999993 -22.22902931966138, -42.93432349999993 -22.23095496966145, -42.94282779499997 -22.23441376166148, -42.94103851299997 -22.23702078566159, -42.94484643699997 -22.23879956366157, -42.94648919499997 -22.24507631766174, -42.95274227299995 -22.24822458566181, -42.95558428399993 -22.25353001066197, -42.95810882599994 -22.25408897266198, -42.96297618799997 -22.25203568466193, -42.97025538799993 -22.25424118566198, -42.97078779099996 -22.25664248666206, -42.97342316499998 -22.25827186166205, -42.97418060599993 -22.26326999966217, -42.97838657899995 -22.26310057566217, -42.98060830299994 -22.26469997566219, -42.97855042099996 -22.26065511066213, -42.97798137599993 -22.25522947966202, -42.97992658199995 -22.24936323566186, -42.99242771999996 -22.2390192086616, -42.99251135199994 -22.23708806266154, -42.99655208899997 -22.23247795766147, -42.99675345999997 -22.22612500666132, -43.00859037199996 -22.21933974966116, -43.01188218699996 -22.22000550966117, -43.01538215799997 -22.22331088066122, -43.01830236299998 -22.22280736066121, -43.01891804799992 -22.21773812666114, -43.02903469799997 -22.20259285066077, -43.03161023999997 -22.20270685966074, -43.03672581499995 -22.20694178566088, -43.03944713299995 -22.20457951466078, -43.04284970499997 -22.20772476566089, -43.04775018099996 -22.2086161876609, -43.04716322999996 -22.20567589166081, -43.04166183499996 -22.19354193166055, -43.03887654299996 -22.19209624966052, -43.04049819999994 -22.18867247666044, -43.03106048299997 -22.17779899966016, -43.02982842099993 -22.17396767666007, -43.02574156099995 -22.16989893965999, -43.02606729399997 -22.16785665265995, -43.02264766499996 -22.16534356165984, -43.02076422399995 -22.16180914765977, -43.01721762399995 -22.14826703265949, -43.01341712099997 -22.14674260665945, -43.00947035099995 -22.14951246265951, -43.00410468699994 -22.1492792286595, -43.00150410799995 -22.15395320365961, -42.95497538199992 -22.13887054465922)))"
3305208.0,São Pedro Da Aldeia,33,RJ,"MULTIPOLYGON (((-42.19242981499996 -22.82157923267517, -42.19272939999996 -22.81390453167495, -42.19686056699992 -22.80470238967476, -42.19386082099992 -22.80179227967472, -42.19972933399998 -22.79691928467459, -42.20032849599994 -22.79519656867453, -42.19697651799999 -22.7926019226745, -42.20400483299994 -22.7802101726742, -42.20708676099996 -22.78183956467423, -42.20911073399998 -22.78523588967436, -42.25388559999993 -22.79198520367448, -42.21839887799996 -22.77023687867397, -42.16689789899993 -22.68042516767189, -42.15178282899996 -22.66948249867168, -42.14250937799994 -22.65641838567133, -42.13843374499992 -22.65732149167136, -42.13189516699998 -22.6533646276713, -42.02499814299994 -22.79640741567459, -42.03814261699994 -22.85809500267602, -42.03980534399994 -22.85908371567599, -42.04119747399994 -22.86573406667617, -42.04625201599998 -22.86758328967624, -42.05371263199997 -22.86292474867612, -42.05770734599997 -22.86600813967619, -42.06370635099995 -22.86524782167619, -42.07432205499997 -22.85955585467603, -42.08402630999995 -22.86525585867617, -42.09955938299998 -22.8619976996761, -42.10887006199993 -22.86963591067626, -42.10435056599993 -22.88437075067661, -42.10489698599997 -22.89114600867677, -42.10992918499993 -22.90382606267703, -42.11271334299993 -22.90774988567712, -42.11536681399996 -22.90906087667716, -42.12383579499993 -22.90807051967719, -42.15244557599993 -22.89391076367683, -42.16305034499992 -22.88372816467658, -42.16999365699996 -22.87373504267638, -42.18046644199995 -22.87690419567644, -42.19031512999994 -22.87491330767636, -42.20220456299995 -22.87970851667647, -42.20784996999998 -22.87965508367649, -42.21166837499992 -22.87773241467647, -42.17665801599997 -22.82759245567529, -42.19242981499996 -22.82157923267517)))"
3305307.0,São Sebastião Do Alto,33,RJ,"MULTIPOLYGON (((-42.10612178599996 -21.81487469365161, -42.10332197999998 -21.81398384665152, -42.10494312699996 -21.81194370865149, -42.10450455599994 -21.81055751065147, -42.10294229699998 -21.8107534636515, -42.10314411099994 -21.80946397065147, -42.10192795099992 -21.81035780465148, -42.09848203599994 -21.80941800965145, -42.09957063199993 -21.8110743976515, -42.09629701299997 -21.81399167865158, -42.09213058899996 -21.81324767365155, -42.09197003999997 -21.80961379965147, -42.09007009299995 -21.80998868265149, -42.08951874199993 -21.80739745065139, -42.08770963599994 -21.8067239306514, -42.08786161099993 -21.80543914965132, -42.09066215899997 -21.80438619065131, -42.08932686699995 -21.80131619365123, -42.08757649899997 -21.80384189265133, -42.08534849199997 -21.80112552565126, -42.07640076999996 -21.80123004565124, -42.07267043099994 -21.79754929265112, -42.07061752899995 -21.79727816965118, -42.06847590199993 -21.80060329265124, -42.06708761099998 -21.79957914465121, -42.06236433499998 -21.80212415765129, -42.05944482799998 -21.80107292965121, -42.06250838699998 -21.79936049465118, -42.06344679299998 -21.79130995765101, -42.06183217499994 -21.79159533765099, -42.06071998899995 -21.78890247665097, -42.05591765499997 -21.78597743265092, -42.05565944099993 -21.78180868565075, -42.05388821799993 -21.77976033065072, -42.05128974799993 -21.78015083565076, -42.05105828099994 -21.77859334665074, -42.04921519699997 -21.77950254065072, -42.04752519399994 -21.77864421765072, -42.04489606399994 -21.78393171265087, -42.04255224299992 -21.78395370065081, -42.04408653999996 -21.78249952965081, -42.04370044399997 -21.78056722265073, -42.04243879499995 -21.78078379665078, -42.04318458899996 -21.77920389765073, -42.03794778599995 -21.77582652665064, -42.03999851299994 -21.77529212065065, -42.04005555299994 -21.77291774865056, -42.03147848299994 -21.76587492165041, -42.03091118399993 -21.76765155565042, -42.02842836399997 -21.76640791865044, -42.02899887299997 -21.76878978565048, -42.02700890999995 -21.76840119565048, -42.02754444499992 -21.76677128565042, -42.02516700499994 -21.76722497765045, -42.02481141699996 -21.76619828465039, -42.02422992599997 -21.76827618865046, -42.02204356799995 -21.76824132965049, -42.02090766199995 -21.77023895965053, -42.01365047999997 -21.77215638365057, -42.01361655799995 -21.7656520096504, -42.01966890899995 -21.76278472465036, -42.01977660399996 -21.76023563065027, -42.02192442299997 -21.75834524765024, -42.02040269099996 -21.75785303265021, -42.02275493699994 -21.75562924465018, -42.02146883099993 -21.75483748065012, -42.02162861799997 -21.75209898665009, -42.02021790799995 -21.75261470965009, -42.01864404999997 -21.75060066565007, -42.01393930599995 -21.75064593465007, -42.01152797499997 -21.74485132364991, -42.00465468299995 -21.74689433464993, -42.00436698299995 -21.74261561364983, -42.00245628399995 -21.74265718164986, -42.00239192399992 -21.74120398964979, -42.00021614199994 -21.74249249064986, -42.00146095299993 -21.7398174956498, -41.99954900199998 -21.7408632956498, -41.99977937099993 -21.73906641164976, -41.99708432899995 -21.73890838964977, -41.99718163099993 -21.73778760464972, -41.99201945499993 -21.73910649064979, -41.99181195899996 -21.73680386564971, -41.98765290399994 -21.73628232564969, -41.98450061199997 -21.73281593464963, -41.98134964299993 -21.73324780864959, -41.97984668599997 -21.73684912364972, -41.98067331199995 -21.73855440164974, -41.97668572499999 -21.73937168264977, -41.97538406099993 -21.73775667864977, -41.97620865799995 -21.73440083264965, -41.97097148999995 -21.73421689964962, -41.96890755799996 -21.73204579864959, -41.96760897599996 -21.73341848064962, -41.96539873399995 -21.73225590764962, -41.96304130799995 -21.73358800064963, -41.96126332299997 -21.73103048364954, -41.95521033199997 -21.73131274764958, -41.95519857099998 -21.7293643436495, -41.95277188599992 -21.72836857964949, -41.94857690599996 -21.73070084164954, -41.94606419999997 -21.73585249064971, -41.94230852299994 -21.73936118664976, -41.93963962499998 -21.73892261464973, -41.93995632399997 -21.74128998964981, -41.92985363199995 -21.74196820664984, -41.93202975099995 -21.74623783364993, -41.93678082499996 -21.74848407864997, -41.93798575799998 -21.75210173665005, -41.93763269599998 -21.75566306065017, -41.93565247699996 -21.75738232065022, -41.93598881499997 -21.76003519165023, -41.93450952299996 -21.76082756365028, -41.93434654099997 -21.76714311565043, -41.94487192699995 -21.77304385865056, -41.95004203799993 -21.76988385865051, -41.95299137099993 -21.77148141365052, -41.95239366599996 -21.77551413465062, -41.95630059299997 -21.7821288586508, -41.95714325999995 -21.78757985865093, -41.95921554499994 -21.78897371665093, -41.95925870399997 -21.79242519165103, -41.96755088399993 -21.80108528765127, -41.97411041899993 -21.80410321365134, -41.97364097999996 -21.8071965496514, -41.97808212699993 -21.80975005065143, -41.98345083399994 -21.81634440765162, -41.98658810099994 -21.81776857265166, -41.98821968799995 -21.8213593646517, -41.99512727499996 -21.82529008765179, -42.00545100999994 -21.83740041065208, -42.00526634699997 -21.83864343665211, -42.00146356199997 -21.83949040165218, -42.00418079799993 -21.84299464665226, -42.00414232299994 -21.8457789126523, -42.01193135799997 -21.84869192965241, -42.01458836299996 -21.85308338165251, -42.01869920899998 -21.85523732365256, -42.01780016899993 -21.85857584765261, -42.02442788499997 -21.86167511965271, -42.02621531099993 -21.86436228065275, -42.02103018199994 -21.86358199765276, -42.02171504899996 -21.86733597765285, -42.02571733299992 -21.86708147465284, -42.03144243099995 -21.87529174065303, -42.03458203299993 -21.88692840065327, -42.04293422499995 -21.89011360665336, -42.05398662399994 -21.9083267666538, -42.05671739799993 -21.91014262165386, -42.06280002699997 -21.91901225265405, -42.06616764099994 -21.91743357265399, -42.06819357699993 -21.91848664665405, -42.06875814499995 -21.91567826965397, -42.07319966599993 -21.91381877565395, -42.07647812499994 -21.91483819665396, -42.07655715699996 -21.91675050965398, -42.07340779199995 -21.91895655165404, -42.07510081999992 -21.92137501165412, -42.07364146199994 -21.92210921865413, -42.07362140799994 -21.92517516265421, -42.07818627199998 -21.93198124465434, -42.07545365599997 -21.93618576965445, -42.08378287599993 -21.93631197365444, -42.08885604499994 -21.93208944665438, -42.08875783999996 -21.92949689065427, -42.09269038799993 -21.92830897665429, -42.09416725099992 -21.92424807665418, -42.10089213099996 -21.92646156365425, -42.09816252299998 -21.93178596065436, -42.09473772499994 -21.93290484665436, -42.09664953299994 -21.93589032865447, -42.08938344999996 -21.9351638876544, -42.09029340299998 -21.93929279865452, -42.09394214599995 -21.9429610416546, -42.09288705899996 -21.94507508565464, -42.08944530699994 -21.94604177865466, -42.08724333899993 -21.95132670365481, -42.08593318799995 -21.95174138165486, -42.08363050599996 -21.94869158265478, -42.08186753499994 -21.94856036765477, -42.08211449799995 -21.95300535965487, -42.08835865599997 -21.96087609865506, -42.09214466699996 -21.9552974816549, -42.10115355399995 -21.95579701665493, -42.10152049399994 -21.96309851965512, -42.10024485699994 -21.96512342665514, -42.10327483199995 -21.96871208965522, -42.09933240299994 -21.97015021565525, -42.09662489999993 -21.97398395965536, -42.09715295699993 -21.97643882065539, -42.09939545999998 -21.9802331546555, -42.10580673999993 -21.97995508465551, -42.10938872099996 -21.98303683965558, -42.11157323699996 -21.98376008765559, -42.11289481799997 -21.98274136065558, -42.11455355299994 -21.98448641665562, -42.11475668199995 -21.98779390165571, -42.11770490599997 -21.99110178665575, -42.11724385599995 -21.99645436465586, -42.12066893599996 -21.99942089065597, -42.12106296799993 -22.00168698665603, -42.12552812999996 -22.00305363465607, -42.12904969699996 -22.00676936965617, -42.13187195699993 -22.00673931765617, -42.13328580399996 -22.00993807665622, -42.13010544599996 -22.02020104765643, -42.13719245699997 -22.02518967465653, -42.13758690099996 -22.02017442465645, -42.13992241699997 -22.02012726565642, -42.14334082299995 -22.02439927065655, -42.14641902299996 -22.02522221365656, -42.14911093199998 -22.02360037965652, -42.15575687799997 -22.01011811565621, -42.16031238999994 -22.00918781265617, -42.16725972399995 -22.00503999665607, -42.17389259699997 -22.00396096465603, -42.17989074399997 -22.00634118265614, -42.18342290299995 -22.01564079565636, -42.18683237199996 -22.01806969065639, -42.19492699999995 -22.01376042565627, -42.20145284999995 -22.01622486565638, -42.20514688299994 -22.01596165465637, -42.20731060499998 -22.01390803765631, -42.21211855599994 -22.01309106265628, -42.21655924499998 -22.0090297546562, -42.22052836099994 -22.00963060865618, -42.22375606099997 -22.00797387965616, -42.22443485999997 -22.00377581365605, -42.21997114599998 -21.99405413065582, -42.22241745199994 -21.99086122565573, -42.22661303999996 -21.98868558465568, -42.23124137799994 -21.98232130765556, -42.22916489699997 -21.9805306346555, -42.22872160299993 -21.97697845265545, -42.22992316199996 -21.97506529065541, -42.23374948599996 -21.97308796765534, -42.23709168699997 -21.97525194065538, -42.24075760899996 -21.97493988565538, -42.24303379399998 -21.97287791065534, -42.24035476299998 -21.97158673865527, -42.23984172399997 -21.96987071265524, -42.24244819599993 -21.96918666065522, -42.24314404199998 -21.96700477265518, -42.23924612799993 -21.9636906606551, -42.24096804999994 -21.96336042865508, -42.24419370699996 -21.95874897765501, -42.24138083999998 -21.95640787065495, -42.24270176699996 -21.95144259965482, -42.24159313199993 -21.95222689965487, -42.24020085899998 -21.95075656065479, -42.23780726099994 -21.95121261665484, -42.23808441899996 -21.94877126065474, -42.23616789599998 -21.94331064165465, -42.23459339799996 -21.9427268396546, -42.23383858199998 -21.93667652165451, -42.23050677899993 -21.93407004965442, -42.22813618699995 -21.93476589465442, -42.22765263299993 -21.93121590365435, -42.22533511399995 -21.93009547365431, -42.22623735399998 -21.92494149965417, -42.22149616899997 -21.91826020265404, -42.21789900199997 -21.916750571654, -42.20983191099997 -21.91903270965404, -42.21430183399996 -21.91425614265392, -42.21257991099997 -21.9125696016539, -42.21351753399994 -21.90939701765382, -42.21842973099996 -21.90810557565382, -42.22113645299998 -21.90920831365383, -42.22156103599995 -21.90788148965381, -42.21853587699997 -21.90610649365378, -42.21654881799997 -21.90244186465367, -42.21709213699995 -21.9002292186536, -42.21420231199993 -21.89885911065355, -42.21320228999997 -21.89675670365351, -42.21591888399996 -21.89313457965341, -42.21479287499994 -21.8910951656534, -42.21156445999998 -21.89163061065339, -42.21154871199996 -21.88907937465333, -42.20965103299994 -21.88692184865327, -42.21149359199995 -21.8865281386533, -42.21021009999998 -21.88559898565324, -42.21316291899996 -21.88518952765325, -42.21056443899993 -21.88178000665314, -42.21100539299992 -21.88000831465312, -42.20858014399995 -21.87942562565312, -42.20680845299994 -21.87698462865305, -42.20472179399996 -21.8795437376531, -42.20106029899995 -21.8789059286531, -42.19913491699998 -21.88145540865317, -42.18993872899994 -21.87493654665301, -42.19210426199992 -21.87442298165299, -42.18815836999993 -21.87292508365294, -42.18560766399997 -21.87354136165299, -42.18606987199995 -21.87504781965301, -42.18404128999997 -21.874756799653, -42.18361331899996 -21.876032152653, -42.18289322899994 -21.86981506665289, -42.17557158999995 -21.86555616965277, -42.17364016099998 -21.86746958765283, -42.17106409899997 -21.86645188865281, -42.17099667999997 -21.86481455265275, -42.16805849199993 -21.86389465465277, -42.16749085299994 -21.8619732916527, -42.16888740499997 -21.85970028365263, -42.16707287299993 -21.85843351965261, -42.16621613899996 -21.85956860865263, -42.16511363399997 -21.85888503165261, -42.16539387299997 -21.85990296165263, -42.16289793399994 -21.85899199965261, -42.16218375099993 -21.86026384865263, -42.16140559999996 -21.85920528265261, -42.16154588999996 -21.86062024965267, -42.16055478199996 -21.85886465465262, -42.15824117499994 -21.85884450965261, -42.15915088199994 -21.86036439065268, -42.15431501799997 -21.86056241765269, -42.15240590999996 -21.85901385865263, -42.15018018699992 -21.85995253265266, -42.15050253999993 -21.86104464465268, -42.14891572499993 -21.85917343965263, -42.14641391499998 -21.86076437565269, -42.14495899099996 -21.85611933565254, -42.14383379499998 -21.85899208865266, -42.14214393999998 -21.85872006365264, -42.14263450199996 -21.8576542316526, -42.14036281199998 -21.85657524065253, -42.14074021799996 -21.85553495665251, -42.13877040599993 -21.85551653265256, -42.13933300999997 -21.85395961765247, -42.13786482399995 -21.85269186865247, -42.13911527699996 -21.85142968465247, -42.14020854399995 -21.85224142365246, -42.14059627999995 -21.85072622465244, -42.14219958099994 -21.85124142465245, -42.14158662599993 -21.84967191565238, -42.14425316199998 -21.84784489565239, -42.14291355899996 -21.84547536865228, -42.14585955999996 -21.84205438265221, -42.14345254699998 -21.84151033165221, -42.14222018899994 -21.84286221565226, -42.14157103799994 -21.83966797765219, -42.13868591899995 -21.83976277365218, -42.13732166999995 -21.83664890665206, -42.13493114399995 -21.83929497265214, -42.13244191899997 -21.83956780665216, -42.13338349699995 -21.84177594865223, -42.13250065599993 -21.84444299265225, -42.12799562199996 -21.84251677265224, -42.12846736899996 -21.84398288465228, -42.12583006999994 -21.84442928765228, -42.12518983399996 -21.84629908765236, -42.12353736199998 -21.84537299865231, -42.12284946499993 -21.84993178165242, -42.12033226899995 -21.85031083765239, -42.12037777999996 -21.84784307965236, -42.11703123899997 -21.84644984665231, -42.11908312499997 -21.84199365265219, -42.11728576699994 -21.83901763465215, -42.11844093199993 -21.83801518665214, -42.11632247699998 -21.83714196065209, -42.12099404099997 -21.83606902865205, -42.12281489399992 -21.8300425926519, -42.12694215999993 -21.82989379265193, -42.12678552799996 -21.82597797965183, -42.12494901199994 -21.82561772465186, -42.12592404899993 -21.82448213965177, -42.12499214299993 -21.82353270665182, -42.12027744799997 -21.82248507565179, -42.11944729599998 -21.82714880765187, -42.11777915999993 -21.82696084865185, -42.11793660499995 -21.82455578965178, -42.11646736199999 -21.82569604165183, -42.11315066899993 -21.82547675565184, -42.11322115399997 -21.82405923165181, -42.11068370799996 -21.82239109565173, -42.11150211199998 -21.82060940065174, -42.10929750999997 -21.82044885265172, -42.10673265299992 -21.81744542465165, -42.10748840499996 -21.81439892265156, -42.10612178599996 -21.81487469365161)))"
3305406.0,Sapucaia,33,RJ,"MULTIPOLYGON (((-42.84628049299994 -21.94721908665472, -42.84419598999995 -21.94673684965468, -42.84239149399996 -21.94826133765476, -42.83320054299998 -21.94306676665464, -42.81683512199993 -21.93680328665444, -42.81033606899996 -21.9377594366545, -42.78779031099998 -21.92956979765428, -42.73997831899992 -21.90866431365384, -42.68496437399995 -21.8791981436531, -42.66534362699996 -21.87325093965297, -42.66448148999995 -21.87700366265302, -42.66809310499995 -21.88018378965311, -42.66651174799993 -21.88135868265313, -42.66315831699995 -21.89072795865338, -42.66843399399993 -21.89314224765343, -42.67002183699998 -21.89797926565356, -42.66660923699992 -21.89923715165359, -42.66221418099996 -21.9055203106537, -42.66346770499995 -21.91546111365395, -42.67134866099995 -21.92329472465417, -42.67062102799996 -21.92786896065426, -42.67446717499996 -21.93194025165435, -42.67275729499993 -21.93563096865443, -42.67679261699993 -21.94123613465457, -42.67707673299998 -21.94467811265468, -42.67984974299998 -21.9456368606547, -42.68150191999996 -21.94897324465474, -42.68531362499993 -21.94845605465474, -42.68947475399995 -21.94979922665483, -42.69586811399994 -21.957933004655, -42.69924776499995 -21.95977505065502, -42.69707225199994 -21.9630619286551, -42.68858397199995 -21.9626998136551, -42.68760222799995 -21.96486939265516, -42.69187501199997 -21.96791026765525, -42.69076908499994 -21.97045595465524, -42.69282722099996 -21.9757961406554, -42.69642932699998 -21.9764669486554, -42.69817222699992 -21.97937550865551, -42.69878070099997 -21.98592924665564, -42.69755922399997 -21.98990063065573, -42.70243859999994 -21.99306166865578, -42.69934168799995 -21.99488485865588, -42.69714029399994 -22.00098042565602, -42.69988158399997 -22.00316321865602, -42.70250870699993 -22.00948064565619, -42.70630627299994 -22.00994167565619, -42.70940938399996 -22.0132945606563, -42.70688613599997 -22.0194412306564, -42.70809910999997 -22.02335294965652, -42.71192801799997 -22.02535472965657, -42.71532204999994 -22.02536948565657, -42.71413900799995 -22.02985543665667, -42.71070816099996 -22.03286024365677, -42.71328080399995 -22.03514068165682, -42.71220696799997 -22.04031823565695, -42.71308451599997 -22.04375589865703, -42.71649919199996 -22.04741696065711, -42.71812186499993 -22.05261905365721, -42.72633626699996 -22.0525072586572, -42.73641093599996 -22.04762592765711, -42.74286825199993 -22.0476086086571, -42.74285154699992 -22.05189982865718, -42.73632947699996 -22.0599165786574, -42.73832889599998 -22.06446140665751, -42.73399224399998 -22.06780747965759, -42.73499938699995 -22.07284622465767, -42.73211051499992 -22.07973097065784, -42.73342780399997 -22.08570889665801, -42.73264194299998 -22.08913322265805, -42.73450985999994 -22.09483510165819, -42.74958848099993 -22.10051017865836, -42.75410842799993 -22.09954830465831, -42.75939904699994 -22.10076476865837, -42.76058129699993 -22.10531476065844, -42.75814903799995 -22.1077973516585, -42.75556268899992 -22.1182403596588, -42.76176351999993 -22.11821160765878, -42.76553925399998 -22.12280013365887, -42.76904624999997 -22.12418039365892, -42.77304397899996 -22.12030299065883, -42.77919639199995 -22.12221288865889, -42.78167590999993 -22.12106401765885, -42.78428099399996 -22.12224196965885, -42.78595259299993 -22.12103749865884, -42.79378064599996 -22.12215385965888, -42.79543385499994 -22.12507894165894, -42.79973482099994 -22.12639962665898, -42.80104695399996 -22.13058747565907, -42.80364728299998 -22.13324871565915, -42.81438843299998 -22.13624616465918, -42.81990415899997 -22.14709471165948, -42.82452971399993 -22.14347555065937, -42.82760336299998 -22.14274846465938, -42.83193903399997 -22.1462097326594, -42.83603194299996 -22.15232813365959, -42.84318789699994 -22.15314967365961, -42.85153205699998 -22.1619239676598, -42.85621260999994 -22.1613880736598, -42.86360352399998 -22.16528081165988, -42.86944690299998 -22.16074780765976, -42.86997503299995 -22.15844993465973, -42.87441103599997 -22.15448367965962, -42.87353374299994 -22.14397017765939, -42.86907360399994 -22.13701648465921, -42.86768489499997 -22.13673856865919, -42.86440567999995 -22.12759284465898, -42.86508926299994 -22.12529216665892, -42.86739036599993 -22.12401256965889, -42.86791085999994 -22.11344417765866, -42.87305504999996 -22.10091582965837, -42.87595838299995 -22.10210904565839, -42.87880562499998 -22.09958885065835, -42.88418602999996 -22.09994547565834, -42.88700746799998 -22.10390170865845, -42.88893659099994 -22.10364090265842, -42.89224429599995 -22.10580783965849, -42.89559256399997 -22.11039280065857, -42.89892153599992 -22.11128080165861, -42.90166413199994 -22.1104887006586, -42.90207788399993 -22.11214678165864, -42.90410576799997 -22.11258781265864, -42.91267394399995 -22.10887822865858, -42.91489393499995 -22.10063130865835, -42.91680999499994 -22.09897824365832, -42.92070889999997 -22.0995271276583, -42.92897690799999 -22.1035436296584, -42.93506776399994 -22.09458535765822, -42.93805776999994 -22.09545089065822, -42.94018478999993 -22.0932432796582, -42.94373975099995 -22.09587778065825, -42.94593286699994 -22.0940177896582, -42.94873922599993 -22.09497173065821, -42.94866494199993 -22.09276628565819, -42.95503705099997 -22.08451715965799, -42.95670894899995 -22.08426322965795, -42.96082734699996 -22.08661459165802, -42.96039230199994 -22.08757521265802, -42.96694873099994 -22.0895285646581, -42.96843746499996 -22.08777340265806, -43.01627195899992 -22.08584889965797, -43.01306480099998 -22.08166499365788, -43.01347872999997 -22.07533735265775, -43.01088612299996 -22.07576970865775, -43.00658210999995 -22.07040580665762, -43.01009704099993 -22.05602754665728, -43.00583214799996 -22.05242071065724, -43.00388478299993 -22.04848796465712, -43.00462714599995 -22.04668819665705, -43.00949028099995 -22.04475184965705, -43.00805664399996 -22.04204277365695, -43.01003047899997 -22.03918147865688, -43.00647286399992 -22.0345824276568, -43.00221423199997 -22.03283655865673, -42.99995881499996 -22.03507740665682, -42.99509807199996 -22.03623224265686, -42.98980429599992 -22.03422827365675, -42.98426058799998 -22.02600230465661, -42.96898545899995 -22.01489503965633, -42.96482016099998 -22.01369987165632, -42.95920826899992 -22.01500356265632, -42.95022822599997 -22.00961908165624, -42.94709474799998 -22.00592039765612, -42.93849216299998 -22.00370269665605, -42.90910617799995 -21.99050667465575, -42.89754521099997 -21.98290928165554, -42.89684137199998 -21.98114282765551, -42.89896865499997 -21.98006168465552, -42.89360311199994 -21.97516929065538, -42.87846973999995 -21.96577350165514, -42.88288761499996 -21.9624485506551, -42.88142747099992 -21.95926618665503, -42.86702064499997 -21.95327393265487, -42.84628049299994 -21.94721908665472)))"
3305505.0,Saquarema,33,RJ,"MULTIPOLYGON (((-42.46796841399997 -22.94366753267796, -42.46906353599996 -22.94456606767801, -42.46945504299997 -22.944415620678, -42.46911413699996 -22.94360935867795, -42.46796841399997 -22.94366753267796)), ((-42.47594627299996 -22.94015713667791, -42.47676616799998 -22.93980930167789, -42.47612706699994 -22.93931121567788, -42.47571265799997 -22.93943536367789, -42.47594627299996 -22.94015713667791)), ((-42.47533296199998 -22.93918754767787, -42.47561142299998 -22.93906919067784, -42.47546148199995 -22.93883247767785, -42.47525799299996 -22.93890151967786, -42.47533296199998 -22.93918754767787)), ((-42.47340516299993 -22.93851685967783, -42.47374788199994 -22.93804343067783, -42.47367291199998 -22.93786589367787, -42.47342658299993 -22.93810260867783, -42.47340516299993 -22.93851685967783)), ((-42.47435835199995 -22.93836891267782, -42.47442261199995 -22.93851685967784, -42.47470107199995 -22.93824069167785, -42.47426196299995 -22.93809274567784, -42.47435835199995 -22.93836891267782)), ((-42.47456184299995 -22.93875357267783, -42.47486172199996 -22.93870425767781, -42.47492598299993 -22.93862535267786, -42.47465823199997 -22.93849713267783, -42.47456184299995 -22.93875357267783)), ((-42.65988508599997 -22.86086633167607, -42.65993829699993 -22.85901117967601, -42.65299151399994 -22.85572437867592, -42.64654091099994 -22.85548152567595, -42.63782409099997 -22.85299919067587, -42.63647910999997 -22.84943560067578, -42.63206620299997 -22.84548105067569, -42.63599142699996 -22.83981614167561, -42.63429309599997 -22.83687207267549, -42.62916756599996 -22.8331756506754, -42.62637406799995 -22.83339069867544, -42.62269535799993 -22.83037745067536, -42.61612454899996 -22.82854375567531, -42.61197595799995 -22.82319280567521, -42.60879900899993 -22.82147204367518, -42.60100852099998 -22.82001365167512, -42.60176674099995 -22.81664432867503, -42.59511184799992 -22.81442260767503, -42.58724562599996 -22.80814923267485, -42.58135105099996 -22.8057368616748, -42.56954092199992 -22.80400624767477, -42.56303262299996 -22.80671148067479, -42.56045509099994 -22.81142719667491, -42.55611555399997 -22.81176778867491, -42.55315777799996 -22.81506119967501, -42.53797032999994 -22.81208244567492, -42.53194989199994 -22.80876805867487, -42.52748834299996 -22.81833579067506, -42.52644661899995 -22.81635450467503, -42.51548531799994 -22.82570143967523, -42.51112125599997 -22.82423119567526, -42.50633856799993 -22.8267988946753, -42.50359218499994 -22.82574950467522, -42.50174927399996 -22.82886820967533, -42.49836480199996 -22.83091750367539, -42.48719655999997 -22.82756074267528, -42.48373012699994 -22.82991177067535, -42.47790526199999 -22.82607614667524, -42.47740723599997 -22.82301323667518, -42.47240825899996 -22.82025456067515, -42.46173588099997 -22.81908933967512, -42.45983505199996 -22.82071495267514, -42.45426229199995 -22.81900786767514, -42.44771969199996 -22.8230287046752, -42.36993347399994 -22.83539679667547, -42.38259860199997 -22.88377499467659, -42.38511803999994 -22.88695787567667, -42.38683983099997 -22.89291132667677, -42.38277693399993 -22.901866213677, -42.37795101699993 -22.90773183367714, -42.38163645799995 -22.93568500367776, -42.45576548799994 -22.93487711967778, -42.47420110499996 -22.93781756567781, -42.48740201699997 -22.93592779067776, -42.49198552499995 -22.93827576367786, -42.49401523899996 -22.93632541667778, -42.49608774699992 -22.93673687767778, -42.49660509299996 -22.93504285667774, -42.50591207199994 -22.93400288567773, -42.56669765999992 -22.93270263867773, -42.60161468799998 -22.93363617267777, -42.64121239099995 -22.93753778567782, -42.64164622599998 -22.93550916267777, -42.63419090499997 -22.91973605667742, -42.63806866099997 -22.9178698146774, -42.64658546499992 -22.90786531067716, -42.65521482799993 -22.90384809567703, -42.66309765599993 -22.90815710467712, -42.66534656299995 -22.90744639167712, -42.66762481799998 -22.91040950367724, -42.67023475499997 -22.91103247867724, -42.67349424399998 -22.90970789667716, -42.67600207099996 -22.91080553167718, -42.67963030499993 -22.90879497967713, -42.67388564099997 -22.90364853167703, -42.67895530599997 -22.89613600867686, -42.67638921499996 -22.88803151967673, -42.67786375199994 -22.88302499867656, -42.67719005299995 -22.87772609767644, -42.67409459899994 -22.87317736367634, -42.67183547099995 -22.87275539667634, -42.66918282199997 -22.86873594367621, -42.66697311399997 -22.86803054967623, -42.65988508599997 -22.86086633167607)))"
3305554.0,Seropédica,33,RJ,"MULTIPOLYGON (((-43.76809236999997 -22.75436269967362, -43.77012173599996 -22.75334317967359, -43.77370900499995 -22.7543341056736, -43.77312494899996 -22.74985681467349, -43.76851792499996 -22.74439859767335, -43.77237859899998 -22.74385513167339, -43.77220774399996 -22.74287172967335, -43.76732374099998 -22.73428352767313, -43.76589642299996 -22.73393931567312, -43.76575345099996 -22.73013797667307, -43.76311320699995 -22.728690627673, -43.76143125799995 -22.72975171267303, -43.75562458399997 -22.72924846567303, -43.75271720999996 -22.7310019856731, -43.74855557999995 -22.72495719367294, -43.74565711499997 -22.72361332967288, -43.74438557399996 -22.71819025267277, -43.74205393499994 -22.71574302567272, -43.74346696399994 -22.71411195667269, -43.74143954999994 -22.71165128667263, -43.73883223299997 -22.71107671267263, -43.73752898099996 -22.70772852667255, -43.73983072399994 -22.70549003667248, -43.75296507399997 -22.70010442267237, -43.74992842399995 -22.68805367867207, -43.74702157999997 -22.68430761467202, -43.74207425299993 -22.68124690767191, -43.73779611399993 -22.67410941467173, -43.71116019499993 -22.64783794167119, -43.71310809199996 -22.64122451767099, -43.70889398199994 -22.63993490967099, -43.70414538299996 -22.64444004867109, -43.69898022199994 -22.64701493267112, -43.69855339199994 -22.64857987667113, -43.69015241099998 -22.65024429767122, -43.68396747199995 -22.6498745856712, -43.67939145899993 -22.64734988567118, -43.67681402899995 -22.64783948467117, -43.66905951999995 -22.65540845567129, -43.66231753999994 -22.65724461867133, -43.66029365499997 -22.66001197167144, -43.65515049699997 -22.65842344967139, -43.65066344599995 -22.65344254067127, -43.64160744599996 -22.6505920676712, -43.63712511999994 -22.65441704267133, -43.63322924799996 -22.66189153867148, -43.63538269199995 -22.66863479667161, -43.63931642999995 -22.67105689667171, -43.64610743899992 -22.67111390367168, -43.64984175399996 -22.67824375067187, -43.65244895999995 -22.68047542867193, -43.64543774699996 -22.69436052267223, -43.64351221899994 -22.7057938286725, -43.63693932599993 -22.71614133067274, -43.64163617299992 -22.73269722067315, -43.64474986099997 -22.7369546596732, -43.64460142499995 -22.74699442167344, -43.64304971499995 -22.74898681267348, -43.64222427599997 -22.75617349567363, -43.63701158899994 -22.76262550867378, -43.63715802999996 -22.76612086667385, -43.63234311899998 -22.77486533367412, -43.63529419299993 -22.78050131767422, -43.63465434099993 -22.78654331967437, -43.63033528899996 -22.80359036967475, -43.62695170599994 -22.80701976067482, -43.62917698399997 -22.81070296667491, -43.62201519399997 -22.82194654467518, -43.62311028399994 -22.82657557467526, -43.62984838399995 -22.82991276367538, -43.63256965699998 -22.83434656167545, -43.65531473899994 -22.84871315867578, -43.67025818799993 -22.8523859296759, -43.67372490699994 -22.86477655267617, -43.67478685899993 -22.86480319167615, -43.76590703099998 -22.82903675967535, -43.76724711299993 -22.82502944667525, -43.77195541299994 -22.82039609867512, -43.77797461499994 -22.82009287767514, -43.78169635299997 -22.81711866767503, -43.78500456499995 -22.81839105667506, -43.78877401899996 -22.81290387767494, -43.79326812999994 -22.80944457367488, -43.79556911399994 -22.80946153167486, -43.80239200499994 -22.80310007967471, -43.80346510799994 -22.78680741067434, -43.79953691699995 -22.78350774767426, -43.79642461499997 -22.77244373867401, -43.78277184999995 -22.76889016667395, -43.77972347399997 -22.770062878674, -43.77332261099996 -22.76913115667394, -43.77276440499997 -22.76602485767386, -43.77494769899992 -22.76217130267378, -43.77240546999995 -22.75797236367371, -43.76616075399994 -22.75701124867369, -43.76614795899996 -22.7550024786736, -43.76809236999997 -22.75436269967362)))"
3305604.0,Silva Jardim,33,RJ,"MULTIPOLYGON (((-42.52846566099998 -22.63131824767078, -42.53353322399994 -22.62603822767066, -42.54406610799999 -22.62364426567057, -42.55139432599997 -22.61957823767045, -42.56456465899998 -22.6201257876705, -42.60335989399993 -22.54070955866865, -42.59882185099997 -22.54020536266863, -42.59614650399993 -22.53527494266853, -42.59317636199995 -22.53372561466849, -42.59123488799997 -22.5289130946684, -42.59253884899993 -22.52667798166835, -42.58750729599995 -22.52368681066828, -42.58842318099993 -22.52224938066823, -42.58609515699993 -22.51791334066812, -42.58612141099997 -22.51488382566807, -42.57799826199994 -22.50207905066777, -42.57906594899998 -22.49882589266769, -42.57813951199994 -22.49409010266758, -42.57184199499994 -22.48705196266742, -42.56612255299996 -22.48478477766736, -42.56733311599992 -22.47917815266725, -42.56324879099997 -22.47219996166706, -42.56337254499993 -22.46757986866699, -42.55345562199994 -22.46653692966697, -42.55089508399993 -22.45600479466671, -42.54672882399994 -22.45545971866665, -42.54192916499994 -22.45750587866672, -42.53655306199994 -22.45769272766671, -42.52997474599994 -22.45051888066655, -42.52355505299993 -22.44691076566645, -42.51514843399998 -22.43594957166624, -42.51190641999994 -22.43484995866621, -42.50803511299994 -22.43674779066625, -42.49996428399993 -22.43473966666616, -42.49281157499995 -22.43565555466619, -42.49030856799993 -22.43888177866626, -42.48174460399996 -22.44124345466635, -42.47884967399994 -22.44702796766646, -42.47729893199993 -22.44666841766648, -42.47446225799995 -22.44929445066655, -42.47123432099993 -22.44924774066656, -42.46479129499993 -22.44673357866648, -42.46417639399993 -22.44438157666641, -42.45559086899993 -22.44253378366635, -42.45097004399997 -22.43388099666619, -42.44873818999996 -22.43471281666617, -42.43968923099992 -22.43264687566613, -42.43469458099997 -22.43327239166616, -42.42737671099996 -22.42854570366604, -42.41704418699992 -22.42694621466601, -42.41279125799996 -22.42660759366603, -42.40352120899995 -22.42911744066607, -42.40080863799994 -22.425225186666, -42.39829677399995 -22.42397944466592, -42.39481805499997 -22.4230049096659, -42.39088704699998 -22.42398152366595, -42.38956815799997 -22.42026971266584, -42.37118105599995 -22.42537249666598, -42.36829141599998 -22.41895702166585, -42.36704165999998 -22.41866642366579, -42.35879354599995 -22.42442572866596, -42.35484812999994 -22.42917127666608, -42.35099234499996 -22.42861874466605, -42.34472547499996 -22.42457512066594, -42.34254532799997 -22.42598065466598, -42.34246126299995 -22.42757807566599, -42.33792824699997 -22.42896439966603, -42.32863341899997 -22.42847746266602, -42.32487451399993 -22.42449553366597, -42.32393014799992 -22.42088006166585, -42.32307653899993 -22.4226426456659, -42.31750889699998 -22.42239058566593, -42.31491232099995 -22.42456834366596, -42.31060729699993 -22.42002055866587, -42.29851601899997 -22.41549524366573, -42.29796425299997 -22.41292228866566, -42.29215631099998 -22.41289631566568, -42.28804650099993 -22.40677665466553, -42.28012095999998 -22.40423930166548, -42.27713641899993 -22.40142065566546, -42.26991092699995 -22.40175210066542, -42.26914860399994 -22.40253099566543, -42.28129604899993 -22.41261519666567, -42.28312727999997 -22.41899550566581, -42.28743093699995 -22.42359988966592, -42.29005447199994 -22.42955201566607, -42.29322805399993 -22.42896370166604, -42.29468640999994 -22.42997460766609, -42.29317881699996 -22.43403833966621, -42.29373810499992 -22.43655278166622, -42.29671857999994 -22.44134315766635, -42.29821836699994 -22.44893738166652, -42.30407707199998 -22.45685067666669, -42.30200904499997 -22.46169581166685, -42.30242195199997 -22.4645466906669, -42.29762494599998 -22.46746740066697, -42.29300982999995 -22.46394174966686, -42.28914849699997 -22.46552073366691, -42.28924179999996 -22.46847773966699, -42.28774894299993 -22.46962609166701, -42.28857432099994 -22.47032228066703, -42.28710299499993 -22.47169312566705, -42.28613407299997 -22.47109741766705, -42.28414598899996 -22.47455682866712, -42.28525845499996 -22.47515971266712, -42.28447613999998 -22.47726980966717, -42.28061928099998 -22.47944080966727, -42.27792348699994 -22.47893817566722, -42.27786969799996 -22.48032333866725, -42.27571646799998 -22.48112206066729, -42.27721094899993 -22.48308848266733, -42.27033541299994 -22.48574893566737, -42.27078421999993 -22.4906164076675, -42.27021511399993 -22.49222193266754, -42.26992362099997 -22.49102357266752, -42.26887332099993 -22.49197670866755, -42.26918332099996 -22.49726985366767, -42.26296942899994 -22.50005985866769, -42.26388554999993 -22.50161448866778, -42.26150389599997 -22.50666833966784, -42.26346728399994 -22.51167664166799, -42.26371686699998 -22.51740041466812, -42.26569689299998 -22.51976313566819, -42.26281836799996 -22.52643532466834, -42.25921021999994 -22.5288479426684, -42.25908729699996 -22.53216003366848, -42.25659971299995 -22.53200286266845, -42.25428262399998 -22.53388954166851, -42.25027265499994 -22.54641861566877, -42.24078849499994 -22.54615239366877, -42.23011443399998 -22.54095890666867, -42.22641514999999 -22.54201908666873, -42.22175321599997 -22.53964587866861, -42.21363384899995 -22.53854842666865, -42.20365052299996 -22.5419760356687, -42.20401657899998 -22.54483792266875, -42.19839263799997 -22.54686786466883, -42.19810977699996 -22.54843191966883, -42.19315139199994 -22.54778300366883, -42.19050581099998 -22.54913075266885, -42.19047688799998 -22.55175128166891, -42.18692326799992 -22.555491126669, -42.18865918899996 -22.55618721866899, -42.18868999799997 -22.55791833966908, -42.19304037099995 -22.55820596766904, -42.19113483599994 -22.56152807066915, -42.19226377599994 -22.56239095466918, -42.19199771999996 -22.56679166266927, -42.19385291999998 -22.56640336566924, -42.19319856699997 -22.56855338466927, -42.19482366499994 -22.56935874266934, -42.19445693899996 -22.57153033366935, -42.19661414899997 -22.57085440866934, -42.19566497599993 -22.57342867866944, -42.19694851599996 -22.57293971066941, -42.19662133899994 -22.57433470666944, -42.19798038199997 -22.57407584166945, -42.19877854899994 -22.57679392566949, -42.20231637299997 -22.57484524666944, -42.20507041099994 -22.57713188866951, -42.20565957899998 -22.57979116166956, -42.20501852699994 -22.58106868866961, -42.20337822999993 -22.58090364566962, -42.20608021399993 -22.58305869066966, -42.20857406499994 -22.58097700866958, -42.20898170399992 -22.58307504166967, -42.21467376199996 -22.58633149666973, -42.21383763399995 -22.5896192696698, -42.21544709399996 -22.59261776966989, -42.21731488399995 -22.59072547866984, -42.21853434299993 -22.59344793366986, -42.21934984499994 -22.58995267566979, -42.22538146899995 -22.59252825066983, -42.22725474499998 -22.58962532766981, -42.22695555099995 -22.59363076866991, -42.22834520899993 -22.59410356866992, -42.22583451399998 -22.59628880266993, -42.23303536399992 -22.59807516867004, -42.23409820499995 -22.59966905767006, -42.23762261199993 -22.59916174067002, -42.23598242199994 -22.6020225876701, -42.23451114099998 -22.60178068867008, -42.23238236799995 -22.60404246867012, -42.23599720099998 -22.60516973067013, -42.23644302399997 -22.60652785767017, -42.23432581999998 -22.6066434636702, -42.23645861499994 -22.60933273167025, -42.24051788699995 -22.60758306767022, -42.24089628399997 -22.60996940267025, -42.24334632499994 -22.60916656267021, -42.24873192699994 -22.61307263967033, -42.25040384399995 -22.61083601967031, -42.25482408999994 -22.61188272167033, -42.25904523099995 -22.61069174267029, -42.25956768099996 -22.60864270267022, -42.26227221199997 -22.60760542667024, -42.27542678199995 -22.60562401267018, -42.28016364899997 -22.60851368967023, -42.28114565999992 -22.61438700767037, -42.29547686999995 -22.6238233006706, -42.30135368699995 -22.62938752067073, -42.30998135499993 -22.63951565267094, -42.31446013499993 -22.64799376267113, -42.32163883999993 -22.67990855667187, -42.32373133399995 -22.68638018567204, -42.32942636799993 -22.69195297767219, -42.33091417099995 -22.69575780067228, -42.33004915699996 -22.70046832567238, -42.33192920199996 -22.70428538567243, -42.33768599099994 -22.70665104067249, -42.33953076799997 -22.70616271767246, -42.34528213099997 -22.71073125367258, -42.35298903299996 -22.71018343267258, -42.35610120499995 -22.71399759367264, -42.35744680699997 -22.71418207167271, -42.35951946799997 -22.71190322867266, -42.36189529999995 -22.71307934567268, -42.36200676599998 -22.71917983067281, -42.36875336299994 -22.72425945167292, -42.37888012399998 -22.71853464967275, -42.38937806499996 -22.7224370476729, -42.39364931299997 -22.72145384767285, -42.39581292499997 -22.72296190767288, -42.39893100599994 -22.73003033967303, -42.40419879899996 -22.73221927667311, -42.40996305099997 -22.72931354767302, -42.41527299699993 -22.73499392567319, -42.42004370999995 -22.73643986667319, -42.42912504099996 -22.73296932867314, -42.43801361599997 -22.73308235367309, -42.44393967899998 -22.72860870567301, -42.45319138499997 -22.72635019567295, -42.45872684499993 -22.71863831867278, -42.47319245799997 -22.72459134567292, -42.48049480599996 -22.72493695467291, -42.48905495299993 -22.72199897267283, -42.49866340499994 -22.72564708067292, -42.50492121699995 -22.72437578367293, -42.50781203999998 -22.72008388867286, -42.51454622599992 -22.71968239867284, -42.51889575499995 -22.71758494367276, -42.53035775599994 -22.71741733667278, -42.52962548999994 -22.7103281026726, -42.52643319799994 -22.70467224667247, -42.52846566099998 -22.63131824767078)))"
3305703.0,Sumidouro,33,RJ,"MULTIPOLYGON (((-42.74747199599994 -22.1308484396591, -42.74760665599996 -22.12924135465901, -42.74466874299998 -22.12769873865897, -42.74933020999999 -22.12528958465894, -42.74613878999997 -22.12237904765889, -42.75534953599998 -22.11855246965877, -42.75814903799995 -22.1077973516585, -42.76057685299997 -22.10503289265845, -42.75910102699998 -22.10048716165832, -42.75410842799993 -22.09954830465831, -42.74958848099993 -22.10051017865836, -42.74479597399994 -22.09788664465829, -42.73533646499992 -22.09554206965824, -42.73297989499997 -22.09039619365809, -42.73211051499992 -22.07973097065784, -42.73499938699995 -22.07284622465767, -42.73399224399998 -22.06780747965759, -42.73832889599998 -22.06446140665751, -42.73632947699996 -22.0599165786574, -42.74285154699992 -22.05189982865718, -42.74286825199993 -22.0476086086571, -42.73641093599996 -22.04762592765711, -42.72633626699996 -22.0525072586572, -42.71746082499993 -22.05237329065719, -42.71729698199993 -22.04895337965713, -42.71337261499995 -22.04433904365705, -42.71220696799997 -22.04031823565695, -42.71328080399995 -22.03514068165682, -42.71070816099996 -22.03286024365677, -42.71413900799995 -22.02985543665667, -42.71532204999994 -22.02536948565657, -42.71192801799997 -22.02535472965657, -42.70809910999997 -22.02335294965652, -42.70688613599997 -22.0194412306564, -42.70940938399996 -22.0132945606563, -42.70630627299994 -22.00994167565619, -42.70250870699993 -22.00948064565619, -42.69988158399997 -22.00316321865602, -42.69698697499995 -22.00063371765599, -42.69934168799995 -21.99488485865588, -42.70243859999994 -21.99306166865578, -42.69755922399997 -21.98990063065573, -42.69878070099997 -21.98592924665564, -42.69817222699992 -21.97937550865551, -42.69642932699998 -21.9764669486554, -42.69282722099996 -21.9757961406554, -42.69099385999992 -21.96932090865522, -42.56833340999998 -21.99530501465585, -42.56031126599998 -21.99938704065594, -42.56065303699996 -22.0040922026561, -42.56317339199995 -22.00387450665605, -42.56667347199993 -22.00886985865621, -42.57100848499994 -22.01120539865624, -42.57248232299997 -22.0191242626564, -42.57510085699993 -22.01980159665647, -42.57660703299997 -22.02498498165654, -42.57557473999997 -22.02724991565663, -42.57428495199996 -22.02577982665659, -42.56989754699998 -22.02562656365658, -42.56305891099998 -22.02938874665664, -42.56599950999998 -22.043235519657, -42.57218818299997 -22.04553100265707, -42.57300107799995 -22.04839934965712, -42.57905930299995 -22.04755936165711, -42.57758131199994 -22.05445009765727, -42.57428189699993 -22.05750419565735, -42.57580429399997 -22.06058255265741, -42.57385702399995 -22.06426748465751, -42.57900899799994 -22.06730067065757, -42.58167008499998 -22.07100036965762, -42.58701424599997 -22.0737110176577, -42.58733079599995 -22.07596151565778, -42.59041168299995 -22.07564246265778, -42.59452936599995 -22.07845442565782, -42.59960507499994 -22.07844204665784, -42.60027665499996 -22.08288882765796, -42.60346427799993 -22.08368692465795, -42.60640026699997 -22.08993852665812, -42.60660215799992 -22.09249706865815, -42.60404347599996 -22.09728654065828, -42.60124442699998 -22.09673578465829, -42.59958984799993 -22.0979268786583, -42.59761604499993 -22.09672164965826, -42.59140189199995 -22.10589864265846, -42.59360677799998 -22.10740031665849, -42.59477310899995 -22.11117429365862, -42.60332379299995 -22.11067031665861, -42.60349354999994 -22.11417934765866, -42.60580196399996 -22.11524201765869, -42.60604510399997 -22.11832338365878, -42.61000786399995 -22.12066761565881, -42.60704442399997 -22.12704875165898, -42.61082001399996 -22.13101962365905, -42.61780211199993 -22.13334773665912, -42.60915356399993 -22.14056170065932, -42.60362041799993 -22.14057020965932, -42.60017155899993 -22.13795849465925, -42.59369844099995 -22.14176986165931, -42.59006000199997 -22.14190053665934, -42.58721642199998 -22.13981576665928, -42.57723799499995 -22.1407005736593, -42.57341826199996 -22.16349438965982, -42.57110987099997 -22.16326839365983, -42.57058605499997 -22.16199923165982, -42.56823572899997 -22.16238580265981, -42.56480704399996 -22.16013218165975, -42.55938371699994 -22.16084949965976, -42.55510221499997 -22.16941502965996, -42.55536947299998 -22.17316144766004, -42.55761495899998 -22.17095339466004, -42.56133096299993 -22.17096222166002, -42.56432510099995 -22.17370911466008, -42.56369140499992 -22.17793633966014, -42.56606375299999 -22.17948802866023, -42.57109320299998 -22.17694559766013, -42.57385470799994 -22.18120755766024, -42.58348147699996 -22.17659157666015, -42.58851329999992 -22.17830773666019, -42.59345767199994 -22.17801161766022, -42.59395243199998 -22.18186855666023, -42.59936946599998 -22.18208715466026, -42.59884240299992 -22.18401550666033, -42.60066232499997 -22.18627890266038, -42.60399075399993 -22.18533606866036, -42.60352388499995 -22.18907502366043, -42.60581766599995 -22.19121897766049, -42.60581282199996 -22.1930540146605, -42.61144893299996 -22.19639923466062, -42.61604591099996 -22.19490881866054, -42.61877311499995 -22.19211041866053, -42.62392895199996 -22.19164044766047, -42.62639149799998 -22.18742117666039, -42.63246506399997 -22.18544534566034, -42.63708888899998 -22.18777598366039, -42.64177057399996 -22.18725389566041, -42.64076806699995 -22.1916143016605, -42.64182799099996 -22.19711555966063, -42.63844981999995 -22.20112318066075, -42.63987205999995 -22.20337759766076, -42.64614740599995 -22.20550655166081, -42.64273093299994 -22.21004655166092, -42.64444435399997 -22.21190255566095, -42.64792528899994 -22.21150631666094, -42.65054350499997 -22.21376831566104, -42.65351356699995 -22.212807476661, -42.65620534799996 -22.20870250066089, -42.65939664099994 -22.20988727866092, -42.66036742299996 -22.21262513466099, -42.65835375599994 -22.21567382366109, -42.66150623399994 -22.21849454166109, -42.66848131199998 -22.22027856666114, -42.67096292399997 -22.22308465766125, -42.67149503999997 -22.22441422966124, -42.67011760699995 -22.22533592666129, -42.67438348699994 -22.23163384266143, -42.67758517399994 -22.24259793366169, -42.67897298899992 -22.2422882976617, -42.68142554899998 -22.24509257766178, -42.68506849999994 -22.24541679166178, -42.68566951599995 -22.24912253566187, -42.69014674299996 -22.25351912466199, -42.69580756299996 -22.25365315466195, -42.70060260199994 -22.25611999266202, -42.70812627099996 -22.26514786666221, -42.71039162999995 -22.26673449366226, -42.71352831899997 -22.26628577066227, -42.71409551699997 -22.26348712466216, -42.71856065499998 -22.25914654066208, -42.71561549899996 -22.25606030466201, -42.71585813799993 -22.25344125866195, -42.71924262199995 -22.25253046866194, -42.72139245199998 -22.24808317266182, -42.72578482499995 -22.2440937776617, -42.73162675499997 -22.24075044266169, -42.73544118299998 -22.24094694366169, -42.73762369699995 -22.23732305166159, -42.74400720399995 -22.23387150866148, -42.73587793899998 -22.22755253266134, -42.73569031899995 -22.22544476766128, -42.73295889699994 -22.2249109566613, -42.73692950499998 -22.21931998866113, -42.73257023199994 -22.21829628066111, -42.73197726099993 -22.21669125666105, -42.73367050799992 -22.21088751066097, -42.73248280599995 -22.20943881766094, -42.73848811799996 -22.20686355766086, -42.74038862199995 -22.20254778366073, -42.74449326899997 -22.19851068666067, -42.74251384999997 -22.1921910626605, -42.74869282999998 -22.19400073866055, -42.74970273799993 -22.19163600066049, -42.75161700399996 -22.1913085246605, -42.75182298599997 -22.18614241966037, -42.74976629099995 -22.18431969566031, -42.74608176899994 -22.1842687406603, -42.74742632399994 -22.1797334906602, -42.74495494499995 -22.17615908566012, -42.74824942199994 -22.17154239966006, -42.74712235899995 -22.16888996565996, -42.74881910899995 -22.16444565665984, -42.74769468599993 -22.16236418565978, -42.75224691299996 -22.16180322165979, -42.75557371499996 -22.15653727665966, -42.75589883699995 -22.15154494065956, -42.75508227099994 -22.14786458165946, -42.74966672399994 -22.14504906265938, -42.75041210799997 -22.14262301765934, -42.74869448399994 -22.13896128565924, -42.74977437199993 -22.13605423665917, -42.74886338999993 -22.13252215465911, -42.74671454499997 -22.13235750765909, -42.74747199599994 -22.1308484396591)))"
3305752.0,Tanguá,33,RJ,"MULTIPOLYGON (((-42.76209711199993 -22.72635829467297, -42.75807113199993 -22.72340088867289, -42.75948657099996 -22.71894933367279, -42.76049507199996 -22.71870163167277, -42.76115060899996 -22.71828529267279, -42.75615639599993 -22.71744545667276, -42.75241509599993 -22.71279639067263, -42.74959935799996 -22.7114785646726, -42.74839579099994 -22.7058701426725, -42.74578737799993 -22.7029798266724, -42.74929218599993 -22.69438586167222, -42.74647761799996 -22.69178861167216, -42.74722203699997 -22.68653258367206, -42.70889715699996 -22.7234154126729, -42.70524215899996 -22.72323479767291, -42.70352465299993 -22.72596783167294, -42.70040496599995 -22.72674420867299, -42.69798264199994 -22.73367977367313, -42.69819974899997 -22.73804696667324, -42.69512247899996 -22.74200396767332, -42.69403991199994 -22.75332614867355, -42.68793106799995 -22.75679196467365, -42.68648420499994 -22.7589967126737, -42.69033817599995 -22.76174177067378, -42.68485810599997 -22.76794007467393, -42.68092206399996 -22.76976671067396, -42.67633816299997 -22.76951980867392, -42.67574781599996 -22.770569887674, -42.67554467799994 -22.77396876367407, -42.68226030499994 -22.78012396067421, -42.68541609299996 -22.78010776367418, -42.68602492399997 -22.78298098067425, -42.68795383599996 -22.78438056867432, -42.68825280799996 -22.78599450567435, -42.68615777099995 -22.78785974267439, -42.68810101099994 -22.79289938167447, -42.67947609799995 -22.79470905367455, -42.67996817699997 -22.7963976766746, -42.67795260199994 -22.7977810106746, -42.67254199699993 -22.79597035567457, -42.65929831799996 -22.79899080567465, -42.65820536699993 -22.80092117567466, -42.65909109999996 -22.8022277716747, -42.66675104999995 -22.80222020367469, -42.66672836399994 -22.80330625767475, -42.66326553299995 -22.80404053867477, -42.66666730899992 -22.81019971467491, -42.66997003499993 -22.81163201267494, -42.66973706999994 -22.81540942767504, -42.66583098499995 -22.81600788267504, -42.66515548099994 -22.81752143067505, -42.66529037599997 -22.8196621396751, -42.66826022899994 -22.82197980567518, -42.66321607999998 -22.82269847467515, -42.66426315699993 -22.82445107367525, -42.66264534599997 -22.82619391567528, -42.65794655299993 -22.82404113667519, -42.65615745399998 -22.82842740967534, -42.66891441799999 -22.84464167067567, -42.66183580199999 -22.84660025867575, -42.66011958399996 -22.84907669067579, -42.65064205599998 -22.84714456267577, -42.64571405599997 -22.84472690867566, -42.64368545599995 -22.84762294167574, -42.64335627599996 -22.85127217667583, -42.64512570499994 -22.8548975386759, -42.65299151399994 -22.85572437867592, -42.66066927099995 -22.85913167067602, -42.66594803899993 -22.85819379567603, -42.67011807099993 -22.85568743367596, -42.67577758699996 -22.85571760867595, -42.67771531899995 -22.85427274767593, -42.68407843199997 -22.85599650767591, -42.68690146799997 -22.85490113867592, -42.69129655399996 -22.85551215867595, -42.69640488399994 -22.85725931367595, -42.69972152199994 -22.85415576567594, -42.70027892799992 -22.85014953367585, -42.70393463299996 -22.85208577767586, -42.71624985099993 -22.85367833767589, -42.72213693799994 -22.8482330026758, -42.72436202899996 -22.84790706267575, -42.72471866199993 -22.84523936567568, -42.72668131899996 -22.84498855967569, -42.72945172699997 -22.84080851867561, -42.73189412799996 -22.84181663467562, -42.73356687999995 -22.84077615967563, -42.73348491199994 -22.83665575867549, -42.73629454799993 -22.83573054967548, -42.73673220999995 -22.83191768667538, -42.73945292099995 -22.83138000267537, -42.74343717099998 -22.82781184767531, -42.74292264999996 -22.82267307367521, -42.74682968999996 -22.82422826267523, -42.74851837699998 -22.82293741167517, -42.74192543799995 -22.81436507267498, -42.73775152199994 -22.81258959467498, -42.73630315099996 -22.80664088467479, -42.73892128199998 -22.8067461926748, -42.74122335599997 -22.80390199267475, -42.75027843799995 -22.80239226867471, -42.75246741399996 -22.79855364767463, -42.75764703199996 -22.79665815767459, -42.76017398599998 -22.79878143767464, -42.76186460399997 -22.79797661467459, -42.77080844299996 -22.80059965067469, -42.77589747499996 -22.80051131567465, -42.77886893899993 -22.80287425667472, -42.78245874299995 -22.80277365367475, -42.78413954699993 -22.80401524067476, -42.78835943899996 -22.8030452376747, -42.79203526999998 -22.80011207267465, -42.79768042299997 -22.8004593186747, -42.80136593899993 -22.7977240996746, -42.80307319599995 -22.79419667067454, -42.79854851899995 -22.79336191367451, -42.79902314799995 -22.79034792567441, -42.79692332899998 -22.78684637967435, -42.78983159099993 -22.78731546867439, -42.78723128699994 -22.78213332867425, -42.78354762699996 -22.77972172667418, -42.78330662399997 -22.77526167867407, -42.79122461599996 -22.77185786267399, -42.78866013899994 -22.76925434067398, -42.78792028199995 -22.76387844267384, -42.78888586799997 -22.76262244067383, -42.78685236499996 -22.75940919667376, -42.78844961899994 -22.75750310767366, -42.78764324599996 -22.75593741767361, -42.78904725399996 -22.75658683467367, -42.79179031499996 -22.75174051767355, -42.79872221899995 -22.75511492167366, -42.80011010899995 -22.75256248767358, -42.79625772699995 -22.75171436467356, -42.79537076799994 -22.74921167867349, -42.80058135399997 -22.74431562967341, -42.80340067199995 -22.74344012967337, -42.79742382099994 -22.73694100867322, -42.76342094199997 -22.73930371767323, -42.76406603199995 -22.73611048067321, -42.76209711199993 -22.72635829467297)))"
3305802.0,Teresópolis,33,RJ,"MULTIPOLYGON (((-43.03759873399996 -22.41098967166567, -43.03414569999995 -22.40476778766551, -43.02949386599994 -22.40003427566537, -43.02843142599993 -22.39526073266527, -43.02861298899996 -22.39248988166522, -43.03467767899996 -22.38967707066513, -43.03142205599993 -22.38640822066507, -43.02830311599995 -22.37837468466487, -43.03537893899994 -22.37235621966478, -43.03118510199994 -22.36448762166455, -43.02984018399996 -22.36316516366452, -43.02640563699998 -22.3635492146645, -43.02678815099994 -22.36236444766449, -43.02143576499998 -22.35520718266435, -43.02418971399993 -22.35472974066435, -43.02683506599994 -22.35182646266427, -43.02720751099997 -22.34635266666415, -43.03114865599997 -22.34464024466408, -43.02790142999998 -22.339698152664, -43.03046567299998 -22.33733494466393, -43.03023664299996 -22.33130226266378, -43.03390738699994 -22.32726689366368, -43.03988814199994 -22.3286785716637, -43.04625526499995 -22.32641260766365, -43.04603754899995 -22.32205071566353, -43.04311861799992 -22.31540461066341, -43.03639417199997 -22.30836424066325, -43.02669376399996 -22.30442391466317, -43.02371384899993 -22.30659672366317, -43.01914790699993 -22.30286924866314, -43.01408006699995 -22.30199300166311, -43.01182190299994 -22.29609957466299, -43.01669708199994 -22.29051966166283, -43.00996431499993 -22.28653174166273, -43.00622721799994 -22.28740488566275, -43.00221417699998 -22.28632342066276, -42.99937735499997 -22.28186278066264, -42.98981821099995 -22.27843699566253, -42.98817342799999 -22.27560864666248, -42.98792764599995 -22.26937917266233, -42.98456645199997 -22.26429708766218, -42.98301452399993 -22.2632575096622, -42.98084657699997 -22.26470075966218, -42.97795060399994 -22.26300713666217, -42.97434140999996 -22.2633939386622, -42.97304388999999 -22.26124363666213, -42.97342316499998 -22.25827186166205, -42.97078779099996 -22.25664248666206, -42.97025538799993 -22.25424118566198, -42.96297618799997 -22.25203568466193, -42.95810882599994 -22.25408897266198, -42.95558428399993 -22.25353001066197, -42.95274227299995 -22.24822458566181, -42.94648919499997 -22.24507631766174, -42.94484643699997 -22.23879956366157, -42.94089124399994 -22.23674352066156, -42.94275302799997 -22.23530396966154, -42.94213876399994 -22.23385497666151, -42.93448967399996 -22.23105068966143, -42.93377237999993 -22.22902931966138, -42.92775749799994 -22.22619093966129, -42.91876300899998 -22.22326779666124, -42.91133478499995 -22.22549198666128, -42.90655136399993 -22.22495055666129, -42.90394900699993 -22.22155374966119, -42.90421094999993 -22.21868833766114, -42.89218383399997 -22.18970585666044, -42.87798969299995 -22.18641469966036, -42.87678632699993 -22.19138662866052, -42.87415183399997 -22.19209938766048, -42.86856756699994 -22.19093122066052, -42.85453783999997 -22.18348071666031, -42.85237480499995 -22.18111549466027, -42.85348734999996 -22.17838488866023, -42.84923904399994 -22.17739368766014, -42.84751730199996 -22.17473926866007, -42.83925937999993 -22.1753937836601, -42.82859610499997 -22.16892655065998, -42.82284472399993 -22.16730946865991, -42.82018101499994 -22.16416282665982, -42.81495142299996 -22.16352336965985, -42.80626534999993 -22.1571632046597, -42.80545229699992 -22.1529933886596, -42.80256134599994 -22.1493770066595, -42.79165433799995 -22.14333528665936, -42.77714862899995 -22.13048968165908, -42.76775881099996 -22.13270857765912, -42.76643358299997 -22.12926608265902, -42.76333255499997 -22.12779121265902, -42.76169329299994 -22.12521625265896, -42.75579683499996 -22.12439560965894, -42.74989417199998 -22.12482456265893, -42.74466874299998 -22.12769873865897, -42.74760665599996 -22.12924135465901, -42.74671454499997 -22.13235750765909, -42.74899576399996 -22.13279230965913, -42.74966672399994 -22.14504906265938, -42.75508227099994 -22.14786458165946, -42.75589883699995 -22.15154494065956, -42.75557371499996 -22.15653727665966, -42.75224691299996 -22.16180322165979, -42.74769468599993 -22.16236418565978, -42.74881910899995 -22.16444565665984, -42.74712235899995 -22.16888996565996, -42.74824942199994 -22.17154239966006, -42.74495494499995 -22.17615908566012, -42.74742632399994 -22.1797334906602, -42.74608176899994 -22.1842687406603, -42.74976629099995 -22.18431969566031, -42.75182298599997 -22.18614241966037, -42.75161700399996 -22.1913085246605, -42.74970273799993 -22.19163600066049, -42.74869282999998 -22.19400073866055, -42.74251384999997 -22.1921910626605, -42.74449326899997 -22.19851068666067, -42.74038862199995 -22.20254778366073, -42.73848811799996 -22.20686355766086, -42.73248280599995 -22.20943881766094, -42.73367050799992 -22.21088751066097, -42.73196607299997 -22.2171910876611, -42.73692950499998 -22.21931998866113, -42.73295889699994 -22.2249109566613, -42.73569031899995 -22.22544476766128, -42.73587793899998 -22.22755253266134, -42.74400720399995 -22.23387150866148, -42.73762369699995 -22.23732305166159, -42.73544118299998 -22.24094694366169, -42.73162675499997 -22.24075044266169, -42.72578482499995 -22.2440937776617, -42.72139245199998 -22.24808317266182, -42.71924262199995 -22.25253046866194, -42.71585813799993 -22.25344125866195, -42.71561549899996 -22.25606030466201, -42.71856065499998 -22.25914654066208, -42.71367946899994 -22.26530479766221, -42.71413402199993 -22.2681937986623, -42.71669881199995 -22.26986823366234, -42.71666318199992 -22.27623207466248, -42.71798894899995 -22.27857320866253, -42.71755901399996 -22.28062859666256, -42.71100889499996 -22.28727873666275, -42.71215412299995 -22.29120169866284, -42.71717922799996 -22.29745677866299, -42.71773239799995 -22.30210953166307, -42.72303254599995 -22.30993466966329, -42.72220933399996 -22.31177749466334, -42.72614268599995 -22.31621663966342, -42.72628441999996 -22.31821704966344, -42.71982703099997 -22.32345798666357, -42.71773988299997 -22.32801060466366, -42.71917363999994 -22.3321362026638, -42.72512501099994 -22.3366096336639, -42.72665386299997 -22.33585345166387, -42.72457325199996 -22.34139087766403, -42.72580310399997 -22.34279052366406, -42.72487962999998 -22.34755245966412, -42.72268042899998 -22.35012259966424, -42.72251517299998 -22.35271025966426, -42.74002607099992 -22.36100293266449, -42.73900975999992 -22.37049561366468, -42.74588965199995 -22.37374868166476, -42.75178917999994 -22.37348546766477, -42.75580513499995 -22.37766110066486, -42.76010773399997 -22.37681317966486, -42.76311145799997 -22.37795965366487, -42.76491036099998 -22.38201742666496, -42.76783446299997 -22.38444026966506, -42.77016203399995 -22.38430016566501, -42.77438764099998 -22.38079542766492, -42.78038746499993 -22.381501417665, -42.78703461699996 -22.37782981566484, -42.79006669299997 -22.37834402366488, -42.79348774399995 -22.37544534266483, -42.79598449099995 -22.37741653466486, -42.80341255499996 -22.37868736466491, -42.80229863099999 -22.38704698366505, -42.81308296699995 -22.38895344666512, -42.81517664799997 -22.39150029066517, -42.81156646899995 -22.39297805666522, -42.81109006399998 -22.39776640766534, -42.80871103699997 -22.40046842166542, -42.81053786899997 -22.40523164266548, -42.82177913599998 -22.40608853166555, -42.82233746899993 -22.40892230166559, -42.82700584299995 -22.41294793266567, -42.83686830499993 -22.41301814466571, -42.83999820599995 -22.41133342966566, -42.85240377599995 -22.41691725366577, -42.85064986999998 -22.41751269666579, -42.85197445699998 -22.42104416566587, -42.85068352099994 -22.42584146466599, -42.85486477999995 -22.42707607766605, -42.85738265199996 -22.42628735266602, -42.86885553399998 -22.43192627666614, -42.86981549099993 -22.43340323866619, -42.86839733199997 -22.43497326566618, -42.86866822099994 -22.43725962166626, -42.87485468199998 -22.44260005566639, -42.87156453599993 -22.44610284866646, -42.87380897799994 -22.44937742966656, -42.88024407599993 -22.44881401566654, -42.88528710999998 -22.45356562666663, -42.89035497099996 -22.45509757366663, -42.89024844599992 -22.45870887566677, -42.89409518999997 -22.4573280516667, -42.89774602199998 -22.45903228066679, -42.89873090399993 -22.45745789566672, -42.90164004499996 -22.45767417966676, -42.90205170399997 -22.45629552866669, -42.90578828899992 -22.45478287966663, -42.91255724499996 -22.45637180666667, -42.91842641199998 -22.45088803866656, -42.91929139199993 -22.45237063166659, -42.92536101599995 -22.45389708366664, -42.92650145299996 -22.45062923666655, -42.93017800799998 -22.44799908266652, -42.93412862299994 -22.44951537266654, -42.93563441199995 -22.45266642466663, -42.94077134899993 -22.45717011966672, -42.94295106599998 -22.4573192086667, -42.94538680599992 -22.45518803266669, -42.95514375899995 -22.45774067866672, -42.95410131399996 -22.45950023066677, -42.95609339499998 -22.46234040866683, -42.95584043199995 -22.46574742866689, -42.96377972999993 -22.46415726966687, -42.96892599999995 -22.46781171966694, -42.97058644499997 -22.47117240466705, -42.97668721799993 -22.47093708066703, -42.97815918899994 -22.468611235667, -42.98069008399994 -22.46809262466696, -42.98277763999993 -22.46359098866688, -42.98479709499997 -22.46265855366687, -42.99609191599995 -22.46167462466682, -42.99982098299994 -22.45967473966681, -43.00957400899995 -22.46277034266683, -43.01649116799995 -22.46710197766697, -43.02027693899998 -22.46237485666682, -43.02439145399996 -22.46280998066686, -43.02556967899994 -22.46031341566682, -43.02884305499997 -22.4612512436668, -43.02851014299994 -22.45815234066676, -43.02546965499993 -22.45499192666664, -43.02679330999995 -22.44969089666651, -43.02218422699997 -22.44111486066636, -43.02645270799997 -22.43932243366631, -43.02781935399997 -22.43500360266618, -43.03139086199996 -22.4347153586662, -43.03294019199996 -22.43284195466616, -43.03491846899993 -22.42321237866593, -43.03160352999998 -22.4217316406659, -43.03175932199997 -22.41984244766584, -43.03256475199998 -22.4183095666658, -43.03722883099994 -22.41672896766581, -43.03759873399996 -22.41098967166567)))"
3305901.0,Trajano De Moraes,33,RJ,"MULTIPOLYGON (((-42.05502078699992 -22.05883777665736, -42.05172763099995 -22.05964644665737, -41.99844261899994 -22.05783933465733, -41.96083598499995 -22.07738152965783, -41.96289310399994 -22.08409079465799, -41.96080612999997 -22.09298289565819, -41.96261461799998 -22.09557623565822, -41.95908499399996 -22.09864700565833, -41.96275343999996 -22.10572029665847, -41.95808298499998 -22.11761550765879, -41.96188593099998 -22.12672649565898, -41.96558028199996 -22.12965408865902, -41.97174876599995 -22.13175373865907, -41.97719020599993 -22.12525735765894, -41.98394876099997 -22.12660094665896, -41.98958953399994 -22.13132173665908, -41.99938651399998 -22.13578207465918, -42.00133069199995 -22.13973666965927, -42.00639105599998 -22.14264432765935, -42.01361375199996 -22.14402956765938, -42.02011040399998 -22.14720166065943, -42.02716778199994 -22.15751900965969, -42.04016698299995 -22.16119568065975, -42.05202949899995 -22.16225462165978, -42.05552816199997 -22.16033001365977, -42.07038761099994 -22.16489366665988, -42.07599738899996 -22.16377672465985, -42.08533926099993 -22.16928690165998, -42.08835960099998 -22.16965608365998, -42.09200314699996 -22.17789380366017, -42.09744107599993 -22.1839048696603, -42.09353534899998 -22.18899718066042, -42.09664209599998 -22.19282124366055, -42.09325787099993 -22.19794118066064, -42.09319903499993 -22.20201786866071, -42.09774509399995 -22.20198109866075, -42.10200067699998 -22.20523953866082, -42.10605976799995 -22.20623474566085, -42.10908553299997 -22.20955502066096, -42.11161414699995 -22.20954105466091, -42.11414045299995 -22.20683220266083, -42.11599874599995 -22.20854957066089, -42.11827634199993 -22.2080799116609, -42.12260954899994 -22.21190571466098, -42.12589331699996 -22.21161580066096, -42.12875258699994 -22.21413422366105, -42.13389406599998 -22.21362170466099, -42.13650230699994 -22.21132826366093, -42.14266872099994 -22.21214296666095, -42.14744333499993 -22.21022510466094, -42.15339486699997 -22.21414589966103, -42.15913826499996 -22.21523485266109, -42.16036615899998 -22.21921049166115, -42.16308630799994 -22.22177112466117, -42.17144979399995 -22.22512778466128, -42.17403050799993 -22.2297766556614, -42.17858805299993 -22.23317133766145, -42.18328452399993 -22.24338948966175, -42.18531051499997 -22.24484104666177, -42.19286739699993 -22.24536522066174, -42.19695110899994 -22.24710782966181, -42.20030750099993 -22.25237261366196, -42.21103416599993 -22.25978452466209, -42.21649736199998 -22.2677626226623, -42.22747374199997 -22.27465918566245, -42.23402800199995 -22.28860271866276, -42.23931433499995 -22.28629476866272, -42.24659228099994 -22.29200643766283, -42.24944937999993 -22.29692794266299, -42.24939038799993 -22.30222617666314, -42.25106288299997 -22.30683824066318, -42.25682927199995 -22.30297961266311, -42.26014118099994 -22.30396204766315, -42.26242080199995 -22.30655248666317, -42.26567190999997 -22.3070267326632, -42.26985064899997 -22.30171667766308, -42.27377931999995 -22.30173193466311, -42.27321426899994 -22.29961771466304, -42.27625303699995 -22.29742536966298, -42.27667363899996 -22.29304236166289, -42.27834503099996 -22.29239227666283, -42.28186358899995 -22.29400815666291, -42.28754142099996 -22.29216444466289, -42.28565608999997 -22.28864427266278, -42.29309266899997 -22.2884861836628, -42.29485597999995 -22.28582644766273, -42.29435202199995 -22.28386168466264, -42.29149040699996 -22.28053989666257, -42.28152150699998 -22.27831599066252, -42.28028388399996 -22.27582677566244, -42.28182077799994 -22.2732990456624, -42.28072754999994 -22.27189354266236, -42.27395137299993 -22.27049137666233, -42.27100242199997 -22.2672321466623, -42.26459405399999 -22.26635136266226, -42.26071786799996 -22.26238277866217, -42.26005248799998 -22.25872109166206, -42.25149237299996 -22.25584699466203, -42.25406332799997 -22.25223212266192, -42.25166153499998 -22.24909575466185, -42.24858948199994 -22.24812945566183, -42.24768874299996 -22.24495003666178, -42.25026349099994 -22.23735661466158, -42.24234968899997 -22.23486507866149, -42.24006996699995 -22.23524766666153, -42.23714562999993 -22.22824223766136, -42.23347332099996 -22.22649462766133, -42.23346126299999 -22.22465689066127, -42.23831063199997 -22.22499843566132, -42.24384985699993 -22.22173022266121, -42.25033233799995 -22.22201703566122, -42.25660446899997 -22.21621766666108, -42.26512804899993 -22.21677373566109, -42.27230003699997 -22.21158615266095, -42.27364061199994 -22.20839422466091, -42.27940695799998 -22.20906788466091, -42.28174641899994 -22.20719118466086, -42.28608149199993 -22.20082692066069, -42.28290381999994 -22.19830664166063, -42.28517959899994 -22.19591946666061, -42.28279239699997 -22.19410968166051, -42.27803568999997 -22.19330636866055, -42.28057014899996 -22.19059351566045, -42.28046780199997 -22.1872295026604, -42.28277152699996 -22.18346980666031, -42.28213480699997 -22.18138108566026, -42.28566397799994 -22.17515896166013, -42.29218204299996 -22.17036406366, -42.29390195899998 -22.16509500765984, -42.29172472099998 -22.16021497765977, -42.29370449399994 -22.15893251165971, -42.29422506599996 -22.15487054365963, -42.29760846899995 -22.15183674265956, -42.29458134499998 -22.14672744365946, -42.29463086799995 -22.14302869365935, -42.29099882399998 -22.13965529565928, -42.28361251899997 -22.14231879265935, -42.27983123799999 -22.14171093465932, -42.27865327899996 -22.13354536565914, -42.27706773199997 -22.13188505265911, -42.27880761299997 -22.12368365965888, -42.28369283599993 -22.12202163165884, -42.28838452199994 -22.11616325465873, -42.29404318599995 -22.11453912365864, -42.29355219499996 -22.11358595865863, -42.28524595199996 -22.11361207765867, -42.27941385099995 -22.11701133665873, -42.27380034399993 -22.11806323365874, -42.26937632699997 -22.12143262665883, -42.26466806999997 -22.12176796965886, -42.26275917399993 -22.1188567236588, -42.26539619999993 -22.11505265865871, -42.26547117699993 -22.1075571186585, -42.26672456399996 -22.10533449765845, -42.27154968099996 -22.10434690365845, -42.27215896599994 -22.1071296856585, -42.27612941999996 -22.10789753465854, -42.27364439399997 -22.10505738765843, -42.27675644299995 -22.10069022065833, -42.27554673799995 -22.09701846365822, -42.27883437299993 -22.09550317165825, -42.27572827199997 -22.09216772265815, -42.26763536399995 -22.08860749765806, -42.26874238099997 -22.08612418265799, -42.26536679599997 -22.0816366406579, -42.26713004299994 -22.07566384265779, -42.27056122499993 -22.07279658165771, -42.27010849899995 -22.0688967886576, -42.26582746399998 -22.06704617465752, -42.26540650899994 -22.0632496356575, -42.26110164599992 -22.06473489265749, -42.26168145299993 -22.0615340446574, -42.25971169999996 -22.05201092565718, -42.26292843299996 -22.05037475965717, -42.26034710399995 -22.04595870165708, -42.25424325399995 -22.04424311065703, -42.24892174399997 -22.04440196165701, -42.24067059299994 -22.0352066146568, -42.24047627799995 -22.03358278565679, -42.25005752899995 -22.0300815416567, -42.25104240599995 -22.02831829565665, -42.24002964299996 -22.02453024265656, -42.23547489299994 -22.02926915765662, -42.23355752999998 -22.02942722065665, -42.23416856299996 -22.02816366165662, -42.23022676099999 -22.02106236665647, -42.22356097599994 -22.01215770265628, -42.22078537899995 -22.01190723565628, -42.21848203699994 -22.0091399186562, -42.21655924499998 -22.0090297546562, -42.21211855599994 -22.01309106265628, -42.20731060499998 -22.01390803765631, -42.20514688299994 -22.01596165465637, -42.20145284999995 -22.01622486565638, -42.19492699999995 -22.01376042565627, -42.18683237199996 -22.01806969065639, -42.18342290299995 -22.01564079565636, -42.17989074399997 -22.00634118265614, -42.17389259699997 -22.00396096465603, -42.16725972399995 -22.00503999665607, -42.16031238999994 -22.00918781265617, -42.15575687799997 -22.01011811565621, -42.14911093199998 -22.02360037965652, -42.14641902299996 -22.02522221365656, -42.14334082299995 -22.02439927065655, -42.13992241699997 -22.02012726565642, -42.13758690099996 -22.02017442465645, -42.13766453199997 -22.02454652065654, -42.13633826399995 -22.02495097565659, -42.13953453699997 -22.02909163265667, -42.13844560999996 -22.03256249365674, -42.13467388299995 -22.03360998665676, -42.12400445999997 -22.03041275865669, -42.11722552899993 -22.03128983265674, -42.10164251999997 -22.03013284465672, -42.09838842399994 -22.03356311065675, -42.10264060099995 -22.04713629765708, -42.05502078699992 -22.05883777665736)))"
3306008.0,Três Rios,33,RJ,"MULTIPOLYGON (((-43.21529255999997 -22.07101638965765, -43.14633484899996 -22.04578669465707, -43.14460927199995 -22.04807664165713, -43.14175708599998 -22.04487854965704, -43.14063097099994 -22.03986843665692, -43.13064977599998 -22.03502057565682, -43.13101606999992 -22.03616494665681, -43.12876836799996 -22.03697057465685, -43.13047076999992 -22.04254162865701, -43.12756681299993 -22.04630985665705, -43.13359943599994 -22.05137449665716, -43.13484398799994 -22.05519458065729, -43.13337472599993 -22.05840967565735, -43.14293358099996 -22.06722525565759, -43.15371139999996 -22.07416046065775, -43.15316413999994 -22.07591449665776, -43.15473575599997 -22.07754224165781, -43.15125574899997 -22.08067144165787, -43.14965606799996 -22.08061531465787, -43.15128381299996 -22.08834710565807, -43.14665180099995 -22.09069282565813, -43.14582525199994 -22.0974680946583, -43.14225799099995 -22.10444690765846, -43.13555839999997 -22.1098842306586, -43.12743119299995 -22.1051477216585, -43.12224091699994 -22.08939944865808, -43.11922434699994 -22.08833477665805, -43.11682883499997 -22.08514076065798, -43.10618211499996 -22.08265652565792, -43.08969696799994 -22.08789691365805, -43.08313868899995 -22.086138640658, -43.07814575299994 -22.08305577765796, -43.07512918299994 -22.08487459265796, -43.07504045999997 -22.09339196865815, -43.06310726199997 -22.08797988565807, -43.05312596199996 -22.08172493765787, -43.03316116099995 -22.06590485965751, -43.03259917499997 -22.06023913465742, -43.03890253599996 -22.05298757165724, -43.03915214199998 -22.04459449965705, -43.03010690599994 -22.04108627465695, -43.02668363799994 -22.04268904865698, -43.01133758699994 -22.03323799865675, -43.00465134599994 -22.0314764146567, -43.00221423199997 -22.03283655865673, -43.00647286399992 -22.0345824276568, -43.01003047899997 -22.03918147865688, -43.00805664399996 -22.04204277365695, -43.00947637599996 -22.04480138465706, -43.00462714599995 -22.04668819665705, -43.00388835699993 -22.04843501965711, -43.00583214799996 -22.05242071065724, -43.01009704099993 -22.05602754665728, -43.00816862299997 -22.06020259965741, -43.00872657799993 -22.06386284065749, -43.00662089799993 -22.07058941565765, -43.01088612299996 -22.07576970865775, -43.01347872999997 -22.07533735265775, -43.01306480099998 -22.08166499365788, -43.01627195899992 -22.08584889965797, -42.96959393899992 -22.08840502265808, -42.97385920399994 -22.09724073465828, -42.96746747199994 -22.10489153265845, -42.96829757699992 -22.10772772565852, -42.96505553899992 -22.11492073165867, -42.96613285399997 -22.11663805965875, -42.96431904899998 -22.12643102865896, -42.95497538199992 -22.13887054465922, -43.00150410799995 -22.15395320365961, -43.00410468699994 -22.1492792286595, -43.00947035099995 -22.14951246265951, -43.01341712099997 -22.14674260665945, -43.01721762399995 -22.14826703265949, -43.02076422399995 -22.16180914765977, -43.02264766499996 -22.16534356165984, -43.02606729399997 -22.16785665265995, -43.02574156099995 -22.16989893965999, -43.02982842099993 -22.17396767666007, -43.03106048299997 -22.17779899966016, -43.04049819999994 -22.18867247666044, -43.03887654299996 -22.19209624966052, -43.04163160299998 -22.19350315766053, -43.04543140999993 -22.20047304966074, -43.04775729899995 -22.20860531566089, -43.05893951999995 -22.18990445366044, -43.05054172099994 -22.18141815866022, -43.04646839299993 -22.1791266286602, -43.04262607499992 -22.17990147866024, -43.04244231999996 -22.1757668886601, -43.03942461099996 -22.17226838466003, -43.03938689399996 -22.16950625965998, -43.03709325999994 -22.16993767965995, -43.03398652599998 -22.1667393446599, -43.03917954599996 -22.1628282216598, -43.05166733399994 -22.16659043765992, -43.05452132399994 -22.16497861465986, -43.05819944499995 -22.16868536165998, -43.06805744799993 -22.17228302066003, -43.07187586699996 -22.17661461266016, -43.07819403299993 -22.17786332966016, -43.08151112199994 -22.18169184366025, -43.08738173899997 -22.18442882266035, -43.09307161299994 -22.18317095066033, -43.09474277899994 -22.18437873866033, -43.09509717299994 -22.18910969466044, -43.10300557399995 -22.18766181266039, -43.10300659499995 -22.19073781366047, -43.10645110099993 -22.19864266366064, -43.10938075599994 -22.19994866166069, -43.11616380999993 -22.20020704166069, -43.11677077599995 -22.1988862996607, -43.12118055399997 -22.19873057566067, -43.12472760599996 -22.1945417676606, -43.13155346199994 -22.19087320566047, -43.13372011699993 -22.19411826066058, -43.13784146999995 -22.19536964266056, -43.15534874599996 -22.19062278666046, -43.15860216099997 -22.1926533346605, -43.19839220399995 -22.20074702266073, -43.20074738199997 -22.17734235366017, -43.24282342199996 -22.13156151665911, -43.25882074599997 -22.10332796865845, -43.21529255999997 -22.07101638965765)))"
3306107.0,Valença,33,RJ,"MULTIPOLYGON (((-44.15907365899994 -22.26109087266212, -44.15878059899995 -22.25844971066208, -44.15578606199994 -22.257117667662, -44.15720477699995 -22.25090269666191, -44.15986276699993 -22.25014637866188, -44.16457260199996 -22.25174256766191, -44.16812688399995 -22.24659034566178, -44.17152569199992 -22.24494462966176, -44.17361799999998 -22.24205877266168, -44.17802234299995 -22.24177889466167, -44.17968853599995 -22.24338354166173, -44.18270109899998 -22.23887547066164, -44.18665348799993 -22.24122678266165, -44.18917180299996 -22.24038740166165, -44.18452893799996 -22.23629312666155, -44.18422082299997 -22.2337357706615, -44.18070488699993 -22.2335714426615, -44.18116213999996 -22.22913719466139, -44.17728823299996 -22.22656353466134, -44.17496709899996 -22.22785077066138, -44.17385788399996 -22.23058957166141, -44.16770927599998 -22.22885728066137, -44.16674384899994 -22.22720030566132, -44.16503894499994 -22.22995964766138, -44.16733143399994 -22.23149019866145, -44.16465551299995 -22.23324620866149, -44.16327241799996 -22.23277376566145, -44.16435424499996 -22.23082237066141, -44.16323478499992 -22.22939365666139, -44.15861281699993 -22.22805651866135, -44.15838365799993 -22.2249065596613, -44.15325525299994 -22.22703597766132, -44.15043428799998 -22.22296885866124, -44.15202062899994 -22.21863014666114, -44.14841442299996 -22.212588802661, -44.14558661099993 -22.21357477066105, -44.14168395599994 -22.2203865796612, -44.13836302299995 -22.21552616666106, -44.13401517599993 -22.21472506666104, -44.13586386699995 -22.21206158266094, -44.13360964099996 -22.21030217966091, -44.12751052399994 -22.21228753466096, -44.12635337999995 -22.20846005966089, -44.12139239999993 -22.20895233866091, -44.12045216099994 -22.20721566166088, -44.12306270699996 -22.20564490866082, -44.12338349499999 -22.20234854066075, -44.12527503499995 -22.19998135066071, -44.12102763699995 -22.19543957366056, -44.12113798199992 -22.19150813666051, -44.12317332299994 -22.18972721266047, -44.12328393999996 -22.18769187166042, -44.11960041499999 -22.18667420066039, -44.11795223099993 -22.18820070666044, -44.11864911399994 -22.18976039766042, -44.11728853199998 -22.18990419866048, -44.11416915099993 -22.18807902866041, -44.11182408299992 -22.18843300066044, -44.10848346899996 -22.1835990656603, -44.10383758099993 -22.18408577766031, -44.10311857499994 -22.18009252666023, -44.10524240899996 -22.17789126066017, -44.10161419199994 -22.17583379566012, -44.10041953499995 -22.17313475666008, -44.09520950399996 -22.17560150166012, -44.08964549999995 -22.1752696526601, -44.09072038099998 -22.17936188366019, -44.08721193999997 -22.18459461466032, -44.08404831199994 -22.17543557866013, -44.08227844999993 -22.17591122866012, -44.08054177299994 -22.1744400306601, -44.07935817699995 -22.17555725666011, -44.07588482299996 -22.17521434566013, -44.07811927399995 -22.17264804566004, -44.07297561299998 -22.16991582165998, -44.07198006499993 -22.16457305065984, -44.06945801199998 -22.1628142496598, -44.06544263799997 -22.16144260665982, -44.06210202299997 -22.16201781165979, -44.06035428399996 -22.16022582665973, -44.05449161599994 -22.16102226465976, -44.05226822699996 -22.15902010865971, -44.04834134599997 -22.16222798365984, -44.04444764999993 -22.15940726565976, -44.04149419199994 -22.16082315565976, -44.03985706999998 -22.16010414865977, -44.03952522099996 -22.15580117165966, -44.03732395499997 -22.1535224746596, -44.03381741599998 -22.15225038665954, -44.02926002099997 -22.15418617265964, -44.02658310499992 -22.15100042165951, -44.02232437499998 -22.15154244165954, -44.02005673899998 -22.15386538565961, -44.01462547499994 -22.15368839865958, -44.01131804499994 -22.15969486865978, -44.00437133699995 -22.16263726365982, -44.00172760599997 -22.16113288065979, -43.99802195699993 -22.15593391165969, -43.99324332999998 -22.15882099865971, -43.99293360399997 -22.15472819265963, -43.98975891399993 -22.15326805665956, -43.98963723599996 -22.15127696165954, -43.98745809299992 -22.1497393946595, -43.98295600699998 -22.15149819465953, -43.97694953799998 -22.15018185965949, -43.97656238099994 -22.14918631265946, -43.97915080399997 -22.14704035465946, -43.97013556899997 -22.14347850765934, -43.96488129099998 -22.13935251665929, -43.95348780499994 -22.14232809765935, -43.95016931399993 -22.13973967465927, -43.94911845799993 -22.13666453865919, -43.94708311699998 -22.1362441966592, -43.94668489799994 -22.1374499156592, -43.94488185099993 -22.1365207376592, -43.94260315299994 -22.13249430165909, -43.93810106699993 -22.13208502065911, -43.93317863799996 -22.12951872165904, -43.92761463499994 -22.13033728265906, -43.92049841899995 -22.12532918365893, -43.90660858499994 -22.12133310965885, -43.90246047099998 -22.11860088465875, -43.89585667399994 -22.11753896765877, -43.89281472299995 -22.11372270265867, -43.87965137499999 -22.11402136765868, -43.88064692199998 -22.10195312065839, -43.87919784799992 -22.09951956065835, -43.87819123899992 -22.10120092965836, -43.87461832999997 -22.10061466265835, -43.87062507899998 -22.10447517365846, -43.87022685999994 -22.10030493665831, -43.86364518499994 -22.10039342965834, -43.86070278999995 -22.0989111706583, -43.85797056499995 -22.09505065865821, -43.85436447099994 -22.09554843265822, -43.85114553499994 -22.09867887565832, -43.84237049399996 -22.09964109865833, -43.84081396599998 -22.09662141165826, -43.83513934599995 -22.09592452865823, -43.83074378799994 -22.09101544865812, -43.82331465299995 -22.0904250146581, -43.81871281399997 -22.08590268465802, -43.81478593299993 -22.08711946465804, -43.81043870899998 -22.08578100665799, -43.81020641499997 -22.08455316465795, -43.81332579599996 -22.08359080265794, -43.81111346899996 -22.08221915965794, -43.79947662599994 -22.08259525465793, -43.79620238199993 -22.07913296265785, -43.78942159799993 -22.07607995065778, -43.78866940699993 -22.07277252065768, -43.78302797099997 -22.07012878965766, -43.78162314299993 -22.07157786465766, -43.77916745999994 -22.07069293365766, -43.77942187799993 -22.06801601665758, -43.77733122799997 -22.06638995665755, -43.77484235999998 -22.0657262576575, -43.76817219199996 -22.06761779765759, -43.76729832299998 -22.06315995765749, -43.76543996799994 -22.06214228765746, -43.76428955699997 -22.0635249956575, -43.76351524299996 -22.07361320565772, -43.75579975099998 -22.07624034765777, -43.75604863799998 -22.07797149065785, -43.76120336099995 -22.07936525665785, -43.76123654599996 -22.08052672865785, -43.75923438899996 -22.08217491265793, -43.75428983699993 -22.08265056365792, -43.75204126199998 -22.08788584665803, -43.74549583599997 -22.08844686165808, -43.74696703299997 -22.09331398165816, -43.74291847399996 -22.09266134565816, -43.74109330399995 -22.09543781665823, -43.73630361499993 -22.09451970065822, -43.73524169799998 -22.09714130865826, -43.73144755599997 -22.09622319265826, -43.72825074299993 -22.09071449665814, -43.72440129299998 -22.08841367665807, -43.72283053999995 -22.08354655565793, -43.71982177499995 -22.08064840665788, -43.71485509999997 -22.08244039265793, -43.71044150599992 -22.08163289265791, -43.70850571999994 -22.07994046165788, -43.70943489699993 -22.07624587765778, -43.70846147299994 -22.07561536165776, -43.70563215299995 -22.07578409465779, -43.70258774399996 -22.07828121665781, -43.69676932199996 -22.07706443665778, -43.69341764599994 -22.07177697365766, -43.69131593499997 -22.07085885765764, -43.68793107399994 -22.0731043706577, -43.68129409199997 -22.07177697365766, -43.68209052999998 -22.0740777946577, -43.68030960499993 -22.07500697465775, -43.68019898999994 -22.08052672865785, -43.67332971299992 -22.09026096965808, -43.67170365199996 -22.09005079865808, -43.66844862499993 -22.08612893265801, -43.66665034099996 -22.08854731065808, -43.66414934499994 -22.08850942365805, -43.66138818699994 -22.09218359665813, -43.66069371799994 -22.09578792765823, -43.66210638099994 -22.09930480865831, -43.65908931099994 -22.10445882565843, -43.66193353299997 -22.10834962465854, -43.66024992199993 -22.11330895065868, -43.66442042699997 -22.14718289665943, -43.66289578999994 -22.14850655765948, -43.66403055199998 -22.1500073306595, -43.66266682199995 -22.15077933065955, -43.66246598099996 -22.1539331296596, -43.66110067199998 -22.15474078765964, -43.66649261099997 -22.15814878665972, -43.66553484299993 -22.16235563465979, -43.67101965999996 -22.16336005965983, -43.67437299899995 -22.1668321576599, -43.67063324899993 -22.16942987666001, -43.67067647199997 -22.17139577966004, -43.66626132399994 -22.17223394466006, -43.66542853699996 -22.17411844266007, -43.66668249499997 -22.17590633566016, -43.66527164699993 -22.17585275066011, -43.66299180499994 -22.17886932566017, -43.66322357899998 -22.18094079666026, -43.65858792199997 -22.17969417266019, -43.65731346099994 -22.18073735566023, -43.65782192699992 -22.18371926166033, -43.65498485499995 -22.18616524066038, -43.65653724799995 -22.18842031266042, -43.65691673799994 -22.19384535466056, -43.65931771899994 -22.1958840306606, -43.65382521499998 -22.19938217066069, -43.65207351999993 -22.2037302086608, -43.63438700199998 -22.2078740416609, -43.62528115899993 -22.21777131866113, -43.62630779899995 -22.21966816366113, -43.62418454499992 -22.22267659866124, -43.61754127799998 -22.2219513336612, -43.61225659799992 -22.2247572466613, -43.60885248399995 -22.22449112366127, -43.60723543799997 -22.23127786266143, -43.60957942399994 -22.23269504466147, -43.60865709099993 -22.23499357266151, -43.61125977299996 -22.24198110366168, -43.60989264799996 -22.24407258066173, -43.60582534599996 -22.24360876666172, -43.60286421099993 -22.24672898166176, -43.60533448899997 -22.25006114366188, -43.60801715999997 -22.25008268266188, -43.61024653399993 -22.25291125666193, -43.60841955699993 -22.25525812766196, -43.60849338299993 -22.25849662066208, -43.60208058299997 -22.25975667666208, -43.59923702499998 -22.25844050566207, -43.59751042799996 -22.26148517666214, -43.59263226499996 -22.26036080266214, -43.58781777899997 -22.2637755476622, -43.58754907499996 -22.26632824866227, -43.59389682499993 -22.26630604566228, -43.58843169899995 -22.26834106366233, -43.58876115799995 -22.27306116766243, -43.58645650999995 -22.27604158066251, -43.59513970499995 -22.28489879166267, -43.58869961099997 -22.28830057266278, -43.59686320699995 -22.29622664966295, -43.59967850199996 -22.30167894866308, -43.60535132399997 -22.30727745866318, -43.61301745699996 -22.30820454566326, -43.61870354299998 -22.30403365866317, -43.62439617099994 -22.30466520166319, -43.63790928699994 -22.31731145666347, -43.64020054299993 -22.31774940566348, -43.64269505099996 -22.31510010666338, -43.64613152199996 -22.31687950366343, -43.65067998399996 -22.31618568466341, -43.65377076699996 -22.31202833766333, -43.66738306199994 -22.32299724466359, -43.66910291799996 -22.32554302666363, -43.66700454199997 -22.3275393586637, -43.66802467899998 -22.32981489666376, -43.66685091199997 -22.33236627766379, -43.66849196499993 -22.33438961566385, -43.66598408499993 -22.33718507566394, -43.66123987699995 -22.33711937266393, -43.66106142199992 -22.33977038966398, -43.66470722099996 -22.34378264966405, -43.67158445799998 -22.34528291166412, -43.67545886199996 -22.34297362366409, -43.67867333199996 -22.34489703866408, -43.67956236999998 -22.34914154866422, -43.67453192199997 -22.35768560466444, -43.67933997099993 -22.36186436666449, -43.68311118399998 -22.36009174166446, -43.68635616899996 -22.36080456466449, -43.68994263099995 -22.35950494866441, -43.69227344899996 -22.36046885366443, -43.69368681799995 -22.36456790566454, -43.69143965599994 -22.36981305066467, -43.69519893999995 -22.37643704666486, -43.70010408299998 -22.37867391266488, -43.70236135299996 -22.38540118366503, -43.70774504399996 -22.38733156766506, -43.71264729999995 -22.38009549666493, -43.72035903699998 -22.37603890266482, -43.72966175699997 -22.37706245866486, -43.73159178599997 -22.37887626566491, -43.72867604999994 -22.38289563766497, -43.73219351399995 -22.38820502366511, -43.74408698199993 -22.40260716266546, -43.74874880999993 -22.40320054266549, -43.75216510999997 -22.39844535666537, -43.75736252199994 -22.39685302666532, -43.75687479499992 -22.39558602066526, -43.75967823499996 -22.39352435566523, -43.75904424099996 -22.39224121066519, -43.76254977499996 -22.39223131766523, -43.76293995999998 -22.39050434966519, -43.76455322099996 -22.39120905266519, -43.76562462599997 -22.38826674966513, -43.76419754899996 -22.38520868266502, -43.76660631199996 -22.38444525266504, -43.76818387599996 -22.38104637666495, -43.77494057999996 -22.37577963366485, -43.77585846799996 -22.37302546866478, -43.77316645599996 -22.37014475266465, -43.77455126099994 -22.36668071166459, -43.77628005999997 -22.36838465166461, -43.78040268899996 -22.36736403666464, -43.78354114099995 -22.36292685166451, -43.78279260699997 -22.36103327166446, -43.79139218099994 -22.36245978966449, -43.79263823499996 -22.36378375866454, -43.79795644099994 -22.36319879666452, -43.79622511599996 -22.3570195066644, -43.79894883899993 -22.35470735666431, -43.80340525299994 -22.35700120766435, -43.80604767299996 -22.35507035466433, -43.80737785799993 -22.35196587566428, -43.81101142599994 -22.35249565266428, -43.81152737599994 -22.3544453726643, -43.81359832599998 -22.35548852266437, -43.81206067999993 -22.35899526066444, -43.81405120299995 -22.36126527766449, -43.81828306199996 -22.36286685766453, -43.81954478599993 -22.36780755666462, -43.82392851799995 -22.36966271166466, -43.83002673599997 -22.3753328406648, -43.83391923299995 -22.37568281466481, -43.83819282599995 -22.37413985466477, -43.83589581299998 -22.37714773266486, -43.83561420799997 -22.37946527266488, -43.83773831799994 -22.38184850566493, -43.83607954999997 -22.38318753066496, -43.83631812999994 -22.38625556366506, -43.83955280199996 -22.384064760665, -43.84479529899995 -22.38439242266501, -43.84470973399994 -22.37690709366483, -43.84788025499994 -22.36790727466463, -43.85246691899993 -22.37054359566471, -43.85244469699995 -22.37369135366479, -43.85403368699997 -22.37317730466476, -43.85666453499993 -22.37468004166481, -43.85819533199998 -22.37352125466478, -43.85843866099997 -22.37191923566471, -43.85530072499994 -22.36753106766463, -43.85787835099995 -22.36173542366452, -43.85258928399998 -22.35637826066435, -43.85240647099993 -22.35141299066426, -43.84973864999994 -22.34752831666416, -43.84855782699998 -22.33878025766394, -43.85020169599994 -22.33677823666387, -43.84497511199992 -22.33271343566382, -43.84067423599998 -22.3249063836636, -43.83776893799995 -22.32285518366357, -43.83533016699994 -22.3244354636636, -43.83360576499995 -22.32182222466356, -43.83155564399993 -22.32347586366359, -43.83123329799997 -22.32175207066355, -43.82906227299998 -22.3206222016635, -43.82851867699996 -22.31563149466341, -43.82677485099997 -22.31366248866339, -43.83449513199997 -22.30911187066327, -43.83958516599995 -22.31225949266334, -43.84255806699996 -22.31229153866333, -43.84605970899997 -22.31518169966339, -43.85394872299997 -22.31401773166339, -43.85707252899993 -22.3149211426634, -43.86008097899997 -22.31858121866349, -43.86634167599994 -22.32163725666356, -43.86823783599993 -22.32506225866364, -43.87580184599994 -22.32542446166363, -43.88689002699993 -22.3308300016638, -43.88737387399993 -22.33813387066395, -43.88605744199998 -22.33887664866394, -43.89292472599993 -22.34496420966409, -43.89740747899997 -22.3454691276641, -43.89993704599993 -22.34830983766414, -43.90727330999992 -22.34804938566417, -43.91263302499993 -22.35038681766424, -43.91439452299994 -22.35403021566431, -43.90968488999994 -22.35649194766436, -43.91089666699997 -22.36078754466446, -43.95040776899998 -22.34977074066418, -43.95169899899997 -22.34373820766404, -43.96018254999996 -22.33941983466396, -43.96643145899997 -22.34341763066408, -43.96775552099996 -22.33884132066397, -43.96600094499995 -22.33663570466389, -43.97063845599995 -22.33157540266379, -43.97137673299994 -22.32424796566358, -43.96985057699992 -22.32306224066358, -43.96984071099995 -22.31959339966348, -43.97267503699992 -22.31266439966336, -43.97481081499996 -22.31187141166332, -43.97675080999994 -22.31304652866337, -43.97729262499996 -22.31153697066333, -43.98161398099994 -22.31140786366332, -43.98779788599995 -22.30829557466322, -43.99099848499997 -22.30930580466326, -44.00293928099995 -22.30818445666321, -44.00415627599995 -22.30972585066325, -44.00847141899993 -22.31033013566329, -44.01145125099998 -22.30748694666324, -44.01797776199992 -22.30506888866314, -44.01766173999993 -22.30033705666303, -44.02110046599994 -22.29740600666299, -44.02236801499998 -22.29413307066287, -44.03289250099993 -22.30205170066307, -44.04064864799994 -22.30340374366311, -44.04363738999995 -22.30607680366317, -44.04790939499998 -22.30656699366317, -44.05129823999993 -22.30959586066325, -44.05151270899995 -22.31334547766333, -44.06298599299998 -22.31491941866336, -44.06592405399994 -22.31683023166348, -44.06730488899996 -22.31565591666343, -44.07182051499995 -22.3198361476635, -44.07412335799994 -22.31900061266349, -44.08112799299994 -22.32170779966356, -44.08415455199996 -22.32119262466351, -44.08753250999996 -22.32590712066364, -44.08979841099994 -22.32568452666366, -44.09484854199996 -22.32984233766374, -44.09932369699993 -22.32998143066377, -44.09952497199998 -22.32846198966369, -44.10272282799996 -22.32754399366367, -44.10869120499996 -22.32938143166373, -44.11566858999998 -22.32894309466373, -44.11954055699992 -22.33051748166374, -44.12418726399994 -22.33913112966396, -44.12936674099995 -22.33725395666388, -44.13180257799996 -22.33795242166394, -44.13735013099994 -22.33678676366391, -44.14048481199995 -22.33869720166394, -44.14602548499993 -22.33197285966381, -44.14809192699994 -22.33138612366378, -44.14574006099996 -22.32920076666369, -44.14811983599998 -22.32004192266353, -44.14945568299999 -22.31893889366347, -44.15389611899997 -22.31981206366353, -44.15513513899997 -22.31679840666345, -44.15438300599993 -22.31538408766337, -44.15809529499994 -22.31352621966339, -44.15755962299995 -22.31153710366333, -44.14871688499993 -22.30686589166323, -44.14582408899997 -22.30240049466312, -44.14536143299994 -22.29919873566302, -44.14830870699996 -22.29672096566296, -44.14819203799993 -22.29451102366288, -44.15093682599996 -22.29341773366288, -44.14935293099994 -22.29003359566281, -44.15077858099993 -22.28815912466277, -44.14919935799997 -22.28434742666267, -44.14653690999995 -22.28263461566263, -44.14706444399996 -22.28035004966256, -44.15192886799996 -22.27963269766255, -44.15400498499997 -22.27475258766247, -44.15788700299998 -22.27441973366243, -44.16124578899996 -22.27171583566237, -44.16718973199993 -22.27279080766242, -44.16774961199996 -22.2688837066623, -44.16912203099997 -22.2680715536623, -44.16317208499998 -22.26537856466221, -44.15907365899994 -22.26109087266212)))"
3306156.0,Varre-Sai,33,RJ,"MULTIPOLYGON (((-41.90403884999994 -20.87805162862892, -41.89617492199994 -20.87499630662884, -41.89617434399997 -20.87385446562881, -41.90282535999995 -20.86188885662851, -41.90603392299994 -20.86011454362846, -41.90458018599997 -20.8581582596284, -41.90084036199994 -20.85743455862839, -41.89946585999996 -20.85583747962835, -41.88570749399997 -20.85738736562841, -41.88536297499996 -20.85983147862843, -41.87959843999994 -20.85716134662836, -41.87702415299997 -20.86089916662849, -41.87169851999993 -20.85984310562847, -41.86840961699994 -20.86246555162851, -41.86470907699992 -20.86210440862849, -41.86095500899994 -20.86376833462853, -41.85791228599993 -20.85526699762832, -41.85099693799997 -20.85640153362834, -41.84647861799994 -20.85152690062825, -41.84413592699996 -20.85153569162827, -41.84010088399997 -20.84856699362819, -41.83796420199997 -20.84951792362821, -41.83359446399992 -20.84684446462814, -41.83299012399993 -20.84477839062806, -41.82949071599995 -20.84469599162811, -41.82495406299995 -20.83866894862796, -41.82165191199993 -20.83760855162792, -41.81825673599995 -20.83298077662779, -41.81514350099997 -20.83321474562781, -41.81127254099993 -20.83026325362771, -41.79956372899994 -20.81538463962734, -41.79729404999995 -20.81522922662733, -41.79056995699994 -20.80959242562721, -41.78625236999994 -20.81058528962723, -41.78589422399994 -20.80868372562721, -41.78434489199998 -20.80850686362718, -41.78172744499994 -20.80478669762709, -41.77859391399994 -20.80569240762716, -41.77868184499994 -20.80262319262705, -41.77572100999998 -20.79977521062697, -41.76664965099996 -20.80204536462706, -41.76457341499997 -20.80565398662715, -41.76350764599993 -20.80455372262712, -41.76216226199993 -20.8055199526271, -41.76359107599996 -20.80696480462714, -41.76120185599995 -20.80612811262712, -41.76101282499997 -20.8044175416271, -41.76012758099994 -20.80736527662713, -41.75897752899993 -20.80680525162716, -41.75562080899994 -20.80868467162722, -41.75510329899998 -20.80681605962716, -41.75317626699997 -20.81354689762733, -41.75396883999996 -20.81495833962731, -41.75172720299997 -20.81427058762734, -41.75159719699996 -20.81647568662737, -41.74987048099995 -20.81670172862738, -41.74924209099999 -20.81419058462735, -41.74612823299996 -20.81264517462728, -41.73985450899993 -20.81750374962741, -41.74264145499995 -20.82561685762761, -41.73822569499997 -20.82685240362765, -41.74076181499998 -20.8296393486277, -41.73761566299999 -20.83227146362774, -41.73630889499999 -20.8359130726279, -41.74176511499995 -20.84175017462804, -41.73966871299996 -20.84487155362809, -41.74038402899998 -20.8472776166281, -41.74353327699998 -20.84766778862817, -41.74588979399993 -20.85243656262828, -41.73900060199998 -20.86521354162858, -41.73902626299996 -20.86640678362863, -41.74214408899996 -20.86694566662861, -41.74019384399997 -20.86768983862861, -41.74302084499992 -20.8698267246287, -41.74150256099995 -20.8697298976287, -41.74146712499998 -20.87258595662879, -41.74387502699994 -20.87093794762873, -41.74925322899997 -20.87027442762874, -41.75495562399994 -20.87450881862884, -41.76030375999994 -20.88215147462901, -41.76859249699992 -20.88737631262913, -41.77725748399995 -20.89636588062936, -41.77719951299997 -20.89973865562946, -41.77947566799998 -20.90246308762949, -41.78410328999995 -20.90351648662951, -41.78619170999996 -20.90844891262969, -41.79116612299998 -20.91400321062979, -41.79121360799996 -20.91719618762984, -41.79826439699995 -20.92231259562997, -41.79767502899994 -20.92422247463005, -41.80147182299991 -20.9270560646301, -41.80241560299993 -20.93106204063022, -41.81293641799994 -20.94429677063052, -41.80992162699993 -20.94901741363066, -41.80840546299999 -20.95652094863081, -41.80638363699995 -20.95788579363086, -41.80492099099995 -20.95648529463082, -41.80021128199996 -20.95726123163084, -41.79933845199997 -20.96143919563095, -41.79617196499998 -20.96267415163094, -41.79382446199998 -20.96151511763096, -41.78952438199997 -20.96604500663105, -41.79104973899996 -20.96840230563111, -41.79117144699994 -20.97546583363127, -41.79450793899996 -20.97698476463132, -41.79512346099994 -20.98063382463141, -41.79372887799996 -20.98414777963149, -41.79728501699998 -20.9877342176316, -41.80071748999995 -20.98732213663156, -41.80313262299994 -20.9845207026315, -41.80659789799994 -20.9842432686315, -41.80989614199995 -20.98193146063143, -41.81352837299994 -20.97655782363131, -41.81760978099992 -20.97484167063126, -41.81515216499997 -20.97146613463121, -41.81631474499994 -20.96700532063107, -41.81178699799995 -20.96840598663109, -41.81106421399993 -20.96492732163104, -41.81728425199998 -20.96283161863098, -41.81821300999997 -20.95865837363085, -41.82303467999998 -20.95279734163073, -41.82687511899997 -20.95240990163072, -41.82788694699997 -20.95397337663076, -41.82992420099998 -20.95387368763075, -41.83187462599994 -20.9513898216307, -41.83354367299994 -20.95486472863079, -41.83742115299997 -20.95705395263084, -41.84194649599993 -20.95397480463074, -41.85052209099996 -20.95370361463075, -41.85448387699996 -20.95118946363068, -41.85834787899994 -20.95567946163079, -41.85719213299996 -20.96172997163096, -41.85949443299994 -20.964094366631, -41.86049700699993 -20.97021509563116, -41.86695936899997 -20.97285022763124, -41.89190764499995 -20.97381942763126, -41.89440783999998 -20.97328915063127, -41.89505839599997 -20.96838712163115, -41.89724099599994 -20.96658607563107, -41.90095418399994 -20.96760133263111, -41.90735480999996 -20.96538668263105, -41.90994688999994 -20.95945370963091, -41.91434772599995 -20.95690836063081, -41.91548025099996 -20.94990248463067, -41.91835543799994 -20.94706089663062, -41.91660517499997 -20.94465144763054, -41.91736017599992 -20.94288960263052, -41.91397865099997 -20.94155398163048, -41.91107100999994 -20.93377417663025, -41.91108776799995 -20.92936557963018, -41.91272894599996 -20.92782899863011, -41.91510169399993 -20.91991427162995, -41.90151045599998 -20.89718005462934, -41.90222680699998 -20.89316331662928, -41.90506856599995 -20.88972258662918, -41.90403884999994 -20.87805162862892)))"
3306206.0,Vassouras,33,RJ,"MULTIPOLYGON (((-43.74383542199996 -22.40236941866547, -43.72867604999994 -22.38289563766497, -43.73159178599997 -22.37887626566491, -43.73056943499994 -22.37741190866483, -43.71907587099997 -22.37648628066483, -43.71264729999995 -22.38009549666493, -43.70862538999995 -22.38645669866506, -43.70575212299995 -22.38742245966506, -43.70124774399994 -22.38431210466501, -43.70010408299998 -22.37867391266488, -43.69519893999995 -22.37643704666486, -43.69143965599994 -22.36981305066467, -43.69368681799995 -22.36456790566454, -43.69227344899996 -22.36046885366443, -43.68994263099995 -22.35950494866441, -43.68635616899996 -22.36080456466449, -43.68311118399998 -22.36009174166446, -43.67933997099993 -22.36186436666449, -43.67661431399995 -22.35994411766443, -43.67446237599995 -22.35718834166442, -43.67929317099998 -22.34987139766421, -43.67915835499998 -22.34562038066411, -43.67545886199996 -22.34297362366409, -43.67138901299995 -22.3452860906641, -43.66353285199994 -22.34315716766405, -43.66106142199992 -22.33977038966398, -43.66114206899992 -22.33720514766392, -43.66707790499998 -22.33660709666392, -43.66849196499993 -22.33438961566385, -43.66685091199997 -22.33236627766379, -43.66802467899998 -22.32981489666376, -43.66700454199997 -22.3275393586637, -43.66908577799995 -22.32542395966367, -43.65391425399997 -22.31209110266334, -43.65067998399996 -22.31618568466341, -43.64613152199996 -22.31687950366343, -43.64269505099996 -22.31510010666338, -43.64020054299993 -22.31774940566348, -43.63790928699994 -22.31731145666347, -43.62439617099994 -22.30466520166319, -43.61870354299998 -22.30403365866317, -43.61301745699996 -22.30820454566326, -43.60535132399997 -22.30727745866318, -43.59967850199996 -22.30167894866308, -43.59686320699995 -22.29622664966295, -43.58665061699998 -22.28640467266272, -43.57898316899997 -22.28499926566268, -43.57747452799998 -22.27900794166258, -43.56214418599995 -22.26485346566219, -43.55863141799993 -22.26539583066221, -43.55509734999998 -22.26855076366231, -43.54577982799997 -22.26870576166233, -43.54071988699996 -22.27036954666231, -43.53834856299994 -22.2727156896624, -43.52936391599996 -22.27368993766244, -43.52728987599993 -22.27635839566247, -43.52516823099995 -22.27633208466246, -43.52107470699997 -22.27092365066233, -43.51730883299995 -22.26130077766216, -43.51694011099994 -22.2511545936619, -43.51987949799997 -22.24437370166177, -43.51474727899996 -22.23646074866155, -43.50535845499996 -22.23946879766164, -43.49607688399993 -22.24450911866172, -43.49027437799997 -22.24439188966172, -43.48455702899997 -22.24975307966188, -43.48106763699996 -22.24983258066188, -43.47677291699994 -22.24366521166173, -43.47717139499996 -22.23704474466155, -43.47341930399995 -22.2363733476616, -43.47111951099998 -22.23200489466142, -43.47051532499995 -22.22444975666126, -43.47230324599997 -22.2171899426611, -43.46787435399995 -22.21498101866104, -43.45775831899993 -22.2163254316611, -43.45528092399997 -22.22032839866117, -43.44905282099995 -22.22467053366126, -43.44255280799996 -22.2261004026613, -43.43461033399996 -22.23079190366141, -43.43274391099992 -22.2344657796615, -43.42649601299996 -22.23604919266154, -43.42386484799993 -22.23500814066151, -43.41811732999998 -22.22893765266138, -43.41761867499996 -22.22707530666133, -43.41932051499997 -22.2240650136613, -43.40101231799996 -22.21565434466108, -43.39884207099993 -22.22114434766118, -43.32539565999996 -22.27872007966257, -43.50363036899994 -22.31118050266331, -43.50722816999995 -22.3353431126639, -43.50481805599998 -22.33811876266395, -43.50306621299995 -22.34351708166405, -43.50380888299998 -22.34847585266422, -43.49978946199996 -22.35211282766424, -43.49835590699995 -22.36558378766454, -43.49680486099992 -22.3664249496646, -43.49656392999998 -22.36882249766464, -43.49437005099998 -22.37021446066467, -43.49296758699995 -22.36963684666465, -43.48770137499996 -22.37355805666479, -43.48899300899996 -22.3779122106649, -43.48797953099995 -22.3789909866649, -43.49410122999995 -22.38206696066498, -43.49430128699998 -22.38444024266506, -43.50119304699996 -22.38971905466514, -43.50528603599997 -22.39900773166539, -43.50790893399994 -22.40131506866544, -43.50341440599993 -22.40792306666558, -43.50093315199997 -22.40889909066561, -43.49806033599998 -22.41522760466571, -43.49553760399994 -22.41787676066581, -43.49307733499995 -22.41706787166579, -43.49145272299995 -22.42000017366585, -43.50832501899998 -22.42661351666602, -43.50785503299993 -22.43008000766607, -43.50330907899995 -22.43165484966615, -43.50487078999998 -22.4347863246662, -43.50845726399996 -22.43666067366625, -43.51030504499993 -22.44103682566635, -43.51444514799993 -22.44327491366641, -43.51715479099993 -22.44736498866647, -43.52375946299998 -22.4428789546664, -43.53148810799996 -22.44240742066635, -43.53214062399995 -22.44677508566649, -43.53480642499994 -22.44936891566657, -43.53766220099993 -22.44940559866653, -43.53970013999998 -22.45107269066655, -43.55481053099992 -22.52647915266836, -43.57207240399998 -22.46114979366681, -43.58400880199996 -22.45510123966665, -43.65184548999996 -22.45855752466675, -43.68786126899993 -22.45844950666676, -43.68680340099996 -22.46414925966687, -43.69615436499998 -22.45942364266675, -43.69826509699994 -22.4606668016668, -43.69997372199998 -22.45932017766676, -43.70135661099993 -22.46080947166679, -43.70357322999995 -22.4599203806668, -43.70698270899992 -22.46343101866684, -43.71081392399998 -22.46051959466679, -43.71089089699995 -22.45765865166674, -43.71506571399993 -22.45502404966668, -43.72142988199994 -22.46690774466695, -43.73030982299997 -22.47887465966721, -43.73561295099994 -22.48385389466733, -43.73957417299993 -22.48179316566727, -43.74107020299994 -22.48238337766731, -43.74532244799997 -22.47332131766709, -43.74990167099997 -22.47085779066704, -43.75169382299998 -22.46588975266691, -43.75010673899992 -22.46555474366688, -43.74917964199994 -22.46303637266689, -43.76093659799994 -22.4566030666667, -43.76190291699992 -22.45446190266662, -43.75813204399998 -22.45161433666661, -43.75950256399994 -22.44923069366653, -43.76571042999995 -22.44894035566651, -43.76574287199998 -22.44403730666638, -43.76983140899994 -22.44184880566634, -43.77188880899995 -22.4432776786664, -43.77317156299993 -22.44160437866637, -43.77737339499998 -22.44215825666638, -43.77973546799996 -22.43816560266628, -43.77251018299995 -22.43723559666623, -43.76692923299998 -22.42798407066606, -43.76011914399993 -22.42315451466595, -43.75976619399995 -22.41985747166582, -43.75511862199994 -22.41387202166572, -43.75532536399992 -22.40887795466556, -43.74874880999993 -22.40320054266549, -43.74383542199996 -22.40236941866547)))"
3306305.0,Volta Redonda,33,RJ,"MULTIPOLYGON (((-44.15429240299994 -22.48665683766739, -44.15442585099998 -22.46331325566685, -44.15125264699998 -22.45264465266661, -44.14203475799997 -22.43532608966619, -44.13220867999996 -22.426717617666, -44.10920057299996 -22.42141887366585, -44.09912227699994 -22.41233847766564, -44.08880018199994 -22.40627259466556, -44.00480335799994 -22.40709280566553, -44.00258456999995 -22.4080291956656, -44.02797258299995 -22.426484328666, -44.03697500699997 -22.42962258166606, -44.03838612599998 -22.43300534966612, -44.04372013599993 -22.43517991666624, -44.04932943999994 -22.44118146066634, -44.04989887299995 -22.44530766066646, -44.05243942099996 -22.44512368966643, -44.05618891899996 -22.4471123256665, -44.05785341599994 -22.4516502696666, -44.06156302899996 -22.45186895966661, -44.06301260999992 -22.45407926666664, -44.06579630199996 -22.45622020366668, -44.06832797899994 -22.4561916586667, -44.07142085699996 -22.45950342066678, -44.06891476599998 -22.46221969266684, -44.06330038399993 -22.46120524666682, -44.06369740599996 -22.46237697566682, -44.06091850599995 -22.46316193166686, -44.05667659199997 -22.46765389966698, -44.05662389699994 -22.47043413266704, -44.05455616999995 -22.47330478966708, -44.05664835199997 -22.47819594966721, -44.04772175899995 -22.48566318166738, -44.04270838999997 -22.48732361266742, -44.03742084499998 -22.4945384096676, -44.03059865099993 -22.49713807966767, -44.03269314599998 -22.50246324766781, -44.03046588999995 -22.50563153166783, -44.02789349699997 -22.50611865266784, -44.02758427299995 -22.50808983866787, -44.02925650199995 -22.51041514866795, -44.02891760399995 -22.51966282166817, -44.03091937499993 -22.52077945366817, -44.03213914899993 -22.52664173766836, -44.03447594999993 -22.52930593166839, -44.03370088499997 -22.53061670966843, -44.03553726399996 -22.53109084766846, -44.03187285199994 -22.53819515366859, -44.03862918799996 -22.54111922366868, -44.03827448999993 -22.54895630966883, -44.04134469299998 -22.55193961766894, -44.04418742199993 -22.55175453866892, -44.04715817099998 -22.55355173466895, -44.05316140999997 -22.55228931566891, -44.05415244399995 -22.55033380766889, -44.08630154399997 -22.64059163467099, -44.08794192499993 -22.63889650667097, -44.08731914699995 -22.63723359167092, -44.08986782399995 -22.62958040267071, -44.08729602699998 -22.62696862467068, -44.08738866699998 -22.62487144467061, -44.08880627899998 -22.62185463067056, -44.09063617999993 -22.62121800367053, -44.08884014999995 -22.6200089446705, -44.08879343699993 -22.61429127867036, -44.09101570499995 -22.60637091267017, -44.08762110799995 -22.60442707967015, -44.09684894899993 -22.59626998466995, -44.09573750499993 -22.58914113966976, -44.09048796499996 -22.58317029966966, -44.09196043899993 -22.58256406366961, -44.09113663099998 -22.57889136866957, -44.09275883499997 -22.57785710066954, -44.09349021799994 -22.57921694466953, -44.09744542499993 -22.57891004266956, -44.09785039699995 -22.5771809256695, -44.09665842799995 -22.57303894866944, -44.09487706899995 -22.57337834166943, -44.09553003099996 -22.57219495366939, -44.08909507799995 -22.56482443866923, -44.08999496499995 -22.56335171366922, -44.08866381899997 -22.56271794166917, -44.09085721299993 -22.55957688466911, -44.08717556299995 -22.55800865766906, -44.08745588199996 -22.55459881066898, -44.08637409599999 -22.55429449366895, -44.08886056299997 -22.55018332666889, -44.08469542199997 -22.54539489166878, -44.08610294799996 -22.54567728366882, -44.08650404099996 -22.54279064966872, -44.08867882999994 -22.5433679306687, -44.08916129199996 -22.54113701166866, -44.08732465499997 -22.53965313566868, -44.08982167099998 -22.53506288266857, -44.09002363099995 -22.53049852766842, -44.09095800999994 -22.52927358166837, -44.09157974099997 -22.53067980866842, -44.09890952199998 -22.53185819566843, -44.10000885999993 -22.53022479766841, -44.10123821099995 -22.53214641866848, -44.10676798299993 -22.53392883166852, -44.10761942199996 -22.53314761666849, -44.13636089299995 -22.53760039466863, -44.13850858199999 -22.53539415766852, -44.13898096199995 -22.53223017366847, -44.14122243599996 -22.53182923666848, -44.15601544699994 -22.51667904066807, -44.15584761399997 -22.49586659866762, -44.15429240299994 -22.48665683766739)))"
